2686
-0.50000000 -0.30000000 -0.10000000
-0.50000000 -0.27000000 -0.10000000
-0.46666700 -0.27000000 -0.10000000
-0.46666700 -0.30000000 -0.10000000
-0.50000000 -0.24000000 -0.10000000
-0.46666700 -0.24000000 -0.10000000
-0.50000000 -0.21000000 -0.10000000
-0.46666700 -0.21000000 -0.10000000
-0.50000000 -0.18000000 -0.10000000
-0.46666700 -0.18000000 -0.10000000
-0.50000000 -0.15000000 -0.10000000
-0.46666700 -0.15000000 -0.10000000
-0.50000000 -0.12000000 -0.10000000
-0.46666700 -0.12000000 -0.10000000
-0.50000000 -0.09000000 -0.10000000
-0.46666700 -0.09000000 -0.10000000
-0.50000000 -0.06000000 -0.10000001
-0.46666700 -0.06000000 -0.10000000
-0.50000000 -0.03000000 -0.10000000
-0.46666700 -0.03000000 -0.10000000
-0.50000000 0.00000000 -0.10000000
-0.46666700 0.00000000 -0.10000000
-0.50000000 0.03000000 -0.10000000
-0.46666700 0.03000000 -0.10000000
-0.50000000 0.06000000 -0.10000000
-0.46666700 0.06000000 -0.10000000
-0.50000000 0.09000000 -0.10000000
-0.46666700 0.09000000 -0.10000000
-0.50000000 0.12000000 -0.10000000
-0.46666700 0.12000000 -0.10000000
-0.50000000 0.15000000 -0.10000000
-0.46666700 0.15000000 -0.10000000
-0.50000000 0.18000000 -0.10000000
-0.46666700 0.18000000 -0.10000000
-0.50000000 0.21000000 -0.10000000
-0.46666700 0.21000000 -0.10000000
-0.50000000 0.24000000 -0.10000000
-0.46666700 0.24000000 -0.10000000
-0.50000000 0.27000000 -0.10000000
-0.46666700 0.27000000 -0.10000000
-0.50000000 0.30000000 -0.10000000
-0.46666700 0.30000000 -0.09999999
-0.43333300 -0.27000000 -0.10000000
-0.43333300 -0.30000000 -0.10000000
-0.43333300 -0.24000000 -0.10000000
-0.43333300 -0.21000000 -0.10000000
-0.43333300 -0.18000000 -0.10000000
-0.43333300 -0.15000000 -0.10000000
-0.43333300 -0.12000000 -0.10000000
-0.43333300 -0.09000000 -0.10000000
-0.43333300 -0.06000000 -0.10000000
-0.43333300 -0.03000000 -0.10000000
-0.43333300 0.00000000 -0.10000000
-0.43333300 0.03000000 -0.10000000
-0.43333300 0.06000000 -0.10000000
-0.43333300 0.09000000 -0.10000000
-0.43333300 0.12000000 -0.10000000
-0.43333300 0.15000000 -0.10000000
-0.43333300 0.18000000 -0.10000000
-0.43333300 0.21000000 -0.10000000
-0.43333300 0.24000000 -0.10000000
-0.43333300 0.27000000 -0.10000000
-0.43333300 0.30000000 -0.10000000
-0.40000000 -0.27000000 -0.10000000
-0.40000000 -0.30000000 -0.10000000
-0.40000000 -0.24000000 -0.10000000
-0.40000000 -0.21000000 -0.10000000
-0.40000000 -0.18000000 -0.10000000
-0.40000000 -0.15000000 -0.10000000
-0.40000000 -0.12000000 -0.10000000
-0.40000000 -0.09000000 -0.10000000
-0.40000000 -0.06000000 -0.10000000
-0.40000000 -0.03000000 -0.10000000
-0.40000000 0.00000000 -0.10000000
-0.40000000 0.03000000 -0.10000000
-0.40000000 0.06000000 -0.10000000
-0.40000000 0.09000000 -0.10000000
-0.40000000 0.12000000 -0.10000000
-0.40000000 0.15000000 -0.10000000
-0.40000000 0.18000000 -0.10000000
-0.40000000 0.21000000 -0.10000000
-0.40000000 0.24000000 -0.10000000
-0.40000000 0.27000000 -0.10000000
-0.40000000 0.30000000 -0.10000000
-0.36666700 -0.27000000 -0.10000000
-0.36666700 -0.30000000 -0.10000000
-0.36666700 -0.24000000 -0.10000000
-0.36666700 -0.21000000 -0.10000000
-0.36666700 -0.18000000 -0.10000000
-0.36666700 -0.15000000 -0.10000000
-0.36666700 -0.12000000 -0.10000000
-0.36666700 -0.09000000 -0.10000000
-0.36666700 -0.06000000 -0.10000000
-0.36666700 -0.03000000 -0.10000000
-0.36666700 0.00000000 -0.10000000
-0.36666700 0.03000000 -0.10000000
-0.36666700 0.06000000 -0.10000000
-0.36666700 0.09000000 -0.10000000
-0.36666700 0.12000000 -0.10000000
-0.36666700 0.15000000 -0.10000000
-0.36666700 0.18000000 -0.10000000
-0.36666700 0.21000000 -0.10000000
-0.36666700 0.24000000 -0.10000000
-0.36666700 0.27000000 -0.10000000
-0.36666700 0.30000000 -0.10000000
-0.33333300 -0.27000000 -0.09999999
-0.33333300 -0.30000000 -0.10000000
-0.33333300 -0.24000000 -0.10000000
-0.33333300 -0.21000000 -0.10000000
-0.33333300 -0.18000000 -0.10000000
-0.33333300 -0.15000000 -0.10000000
-0.33333300 -0.12000000 -0.10000000
-0.33333300 -0.09000000 -0.10000000
-0.33333300 -0.06000000 -0.10000000
-0.33333300 -0.03000000 -0.10000000
-0.33333300 0.00000000 -0.10000000
-0.33333300 0.03000000 -0.10000000
-0.33333300 0.06000000 -0.10000000
-0.33333300 0.09000000 -0.10000000
-0.33333300 0.12000000 -0.10000000
-0.33333300 0.15000000 -0.10000000
-0.33333300 0.18000000 -0.10000000
-0.33333300 0.21000000 -0.10000000
-0.33333300 0.24000000 -0.10000000
-0.33333300 0.27000000 -0.10000000
-0.33333300 0.30000000 -0.10000000
-0.30000000 -0.27000000 -0.10000001
-0.30000000 -0.30000000 -0.10000001
-0.30000000 -0.24000000 -0.10000001
-0.30000000 -0.21000000 -0.10000002
-0.30000000 -0.18000000 -0.10000001
-0.30000000 -0.15000000 -0.10000000
-0.30000000 -0.12000000 -0.10000000
-0.30000000 -0.09000000 -0.10000000
-0.30000000 -0.06000000 -0.10000000
-0.30000000 -0.03000000 -0.10000000
-0.30000000 0.00000000 -0.10000000
-0.30000000 0.03000000 -0.10000000
-0.30000000 0.06000000 -0.10000000
-0.30000000 0.09000000 -0.10000000
-0.30000000 0.12000000 -0.10000000
-0.30000000 0.15000000 -0.10000000
-0.30000000 0.18000000 -0.10000000
-0.30000000 0.21000000 -0.10000000
-0.30000000 0.24000000 -0.10000000
-0.30000000 0.27000000 -0.10000000
-0.30000000 0.30000000 -0.10000000
-0.26666700 -0.27000000 -0.09999997
-0.26666700 -0.30000000 -0.10000000
-0.26666700 -0.24000000 -0.09999995
-0.26666700 -0.21000000 -0.09999995
-0.26666700 -0.18000000 -0.09999996
-0.26666700 -0.15000000 -0.09999999
-0.26666700 -0.12000000 -0.10000001
-0.26666700 -0.09000000 -0.10000001
-0.26666700 -0.06000000 -0.10000000
-0.26666700 -0.03000000 -0.10000000
-0.26666700 0.00000000 -0.10000000
-0.26666700 0.03000000 -0.10000000
-0.26666700 0.06000000 -0.10000000
-0.26666700 0.09000000 -0.10000000
-0.26666700 0.12000000 -0.10000000
-0.26666700 0.15000000 -0.10000000
-0.26666700 0.18000000 -0.10000000
-0.26666700 0.21000000 -0.10000000
-0.26666700 0.24000000 -0.10000000
-0.26666700 0.27000000 -0.10000000
-0.26666700 0.30000000 -0.10000000
-0.23333300 -0.27000000 -0.10000005
-0.23333300 -0.30000000 -0.09999998
-0.23333300 -0.24000000 -0.10000016
-0.23333300 -0.21000000 -0.10000019
-0.23333300 -0.18000000 -0.10000018
-0.23333300 -0.15000000 -0.10000010
-0.23333300 -0.12000000 -0.09999998
-0.23333300 -0.09000000 -0.09999997
-0.23333300 -0.06000000 -0.10000000
-0.23333300 -0.03000000 -0.10000000
-0.23333300 0.00000000 -0.09999998
-0.23333300 0.03000000 -0.09999999
-0.23333300 0.06000000 -0.09999999
-0.23333300 0.09000000 -0.09999998
-0.23333300 0.12000000 -0.09999999
-0.23333300 0.15000000 -0.10000000
-0.23333300 0.18000000 -0.10000000
-0.23333300 0.21000000 -0.10000000
-0.23333300 0.24000000 -0.10000000
-0.23333300 0.27000000 -0.10000000
-0.23333300 0.30000000 -0.10000000
-0.20000000 -0.27000000 -0.09999999
-0.20000000 -0.30000000 -0.10000007
-0.20000000 -0.24000000 -0.09999957
-0.20000000 -0.21000000 -0.09999931
-0.20000000 -0.18000000 -0.09999930
-0.20000000 -0.15000000 -0.09999939
-0.20000000 -0.12000000 -0.09999987
-0.20000000 -0.09000000 -0.10000017
-0.20000000 -0.06000000 -0.10000002
-0.20000000 -0.03000000 -0.10000001
-0.20000000 0.00000000 -0.10000003
-0.20000000 0.03000000 -0.10000008
-0.20000000 0.06000000 -0.10000001
-0.20000000 0.09000000 -0.10000008
-0.20000000 0.12000000 -0.10000006
-0.20000000 0.15000000 -0.09999999
-0.20000000 0.18000000 -0.09999999
-0.20000000 0.21000000 -0.10000000
-0.20000000 0.24000000 -0.10000000
-0.20000000 0.27000000 -0.10000000
-0.20000000 0.30000000 -0.10000000
-0.16666700 -0.27000000 -0.09999975
-0.16666700 -0.30000000 -0.10000015
-0.16666700 -0.24000000 -0.10000065
-0.16666700 -0.21000000 -0.10000239
-0.16666700 -0.18000000 -0.10000254
-0.16666700 -0.15000000 -0.10000257
-0.16666700 -0.12000000 -0.10000162
-0.16666700 -0.09000000 -0.09999955
-0.16666700 -0.06000000 -0.09999958
-0.16666700 -0.03000000 -0.10000013
-0.16666700 0.00000000 -0.09999978
-0.16666700 0.03000000 -0.09999964
-0.16666700 0.06000000 -0.09999995
-0.16666700 0.09000000 -0.09999983
-0.16666700 0.12000000 -0.09999967
-0.16666700 0.15000000 -0.09999992
-0.16666700 0.18000000 -0.10000007
-0.16666700 0.21000000 -0.10000000
-0.16666700 0.24000000 -0.09999999
-0.16666700 0.27000000 -0.10000000
-0.16666700 0.30000000 -0.10000000
-0.13333300 -0.27000000 -0.09999997
-0.13333300 -0.30000000 -0.09999961
-0.13333300 -0.24000000 -0.10000068
-0.13333300 -0.21000000 -0.09999370
-0.13333300 -0.18000000 -0.09998989
-0.13333300 -0.15000000 -0.09999128
-0.13333300 -0.12000000 -0.09999042
-0.13333300 -0.09000000 -0.09999850
-0.13333300 -0.06000000 -0.10000302
-0.13333300 -0.03000000 -0.09999964
-0.13333300 0.00000000 -0.10000023
-0.13333300 0.03000000 -0.10000144
-0.13333300 0.06000000 -0.10000056
-0.13333300 0.09000000 -0.10000014
-0.13333300 0.12000000 -0.10000118
-0.13333300 0.15000000 -0.10000093
-0.13333300 0.18000000 -0.09999978
-0.13333300 0.21000000 -0.09999990
-0.13333300 0.24000000 -0.10000003
-0.13333300 0.27000000 -0.09999999
-0.13333300 0.30000000 -0.10000000
-0.10000000 -0.27000000 -0.10000140
-0.10000000 -0.30000000 -0.09999944
-0.10000000 -0.24000000 -0.09999861
-0.10000000 -0.21000000 -0.10000323
-0.10000000 -0.18000000 -0.10004097
-0.10000000 -0.15000000 -0.10002979
-0.10000000 -0.12000000 -0.10003706
-0.10000000 -0.09000000 -0.10002643
-0.10000000 -0.06000000 -0.09998799
-0.10000000 -0.03000000 -0.09999667
-0.10000000 0.00000000 -0.10000253
-0.10000000 0.03000000 -0.09999513
-0.10000000 0.06000000 -0.09999603
-0.10000000 0.09000000 -0.09999946
-0.10000000 0.12000000 -0.09999817
-0.10000000 0.15000000 -0.09999417
-0.10000000 0.18000000 -0.09999970
-0.10000000 0.21000000 -0.10000080
-0.10000000 0.24000000 -0.09999990
-0.10000000 0.27000000 -0.10000001
-0.10000000 0.30000000 -0.10000000
-0.06666670 -0.27000000 -0.10000102
-0.06666670 -0.30000000 -0.09999892
-0.06666670 -0.24000000 -0.09999297
-0.06666670 -0.21000000 -0.09987915
-0.06666670 -0.22500000 -0.10001018
-0.06666670 -0.18000000 -0.09938117
-0.06666670 -0.19500000 -0.09999929
-0.06666670 -0.15000000 -0.09929722
-0.06666670 -0.16500000 -0.10006337
-0.06666670 -0.12000000 -0.09924596
-0.06666670 -0.13500000 -0.10008788
-0.06666670 -0.09000000 -0.09942534
-0.06666670 -0.10500000 -0.10006779
-0.06666670 -0.06000000 -0.09985608
-0.06666670 -0.07500000 -0.10008528
-0.06666670 -0.03000000 -0.09988893
-0.06666670 -0.04500000 -0.10007392
-0.06666670 0.00000000 -0.09992691
-0.06666670 -0.01500000 -0.10003590
-0.06666670 0.03000000 -0.10002838
-0.06666670 0.01500000 -0.10000368
-0.06666670 0.06000000 -0.10004154
-0.06666670 0.04500000 -0.10001610
-0.06666670 0.09000000 -0.10002741
-0.06666670 0.07500000 -0.09999253
-0.06666670 0.12000000 -0.10002789
-0.06666670 0.10500000 -0.10000037
-0.06666670 0.15000000 -0.10006917
-0.06666670 0.13500000 -0.10000244
-0.06666670 0.18000000 -0.10002218
-0.06666670 0.16500000 -0.09999813
-0.06666670 0.21000000 -0.09999922
-0.06666670 0.19500000 -0.09999526
-0.06666670 0.24000000 -0.09999999
-0.06666670 0.22500000 -0.09999983
-0.06666670 0.27000000 -0.10000003
-0.06666670 0.30000000 -0.09999999
-0.03333330 -0.27000000 -0.10000279
-0.03333330 -0.30000000 -0.09999937
-0.05000000 -0.24000000 -0.09999613
-0.03333330 -0.24000000 -0.09996890
-0.05000000 -0.22500000 -0.10008451
-0.05000000 -0.19500000 -0.10098410
-0.05000000 -0.21000000 -0.09987751
-0.05000000 -0.16500000 -0.10113644
-0.05000000 -0.18000000 -0.10265421
-0.05000000 -0.13500000 -0.10110586
-0.05000000 -0.15000000 -0.10309345
-0.05000000 -0.10500000 -0.10112467
-0.05000000 -0.12000000 -0.10349413
-0.05000000 -0.07500000 -0.10018182
-0.05000000 -0.09000000 -0.10300830
-0.05000000 -0.04500000 -0.09968928
-0.05000000 -0.06000000 -0.10106552
-0.05000000 -0.01500000 -0.09991970
-0.05000000 -0.03000000 -0.10112154
-0.05000000 0.01500000 -0.09950607
-0.05000000 0.00000000 -0.10052753
-0.05000000 0.04500000 -0.09976066
-0.05000000 0.03000000 -0.10048627
-0.05000000 0.07500000 -0.09998481
-0.05000000 0.06000000 -0.09991719
-0.05000000 0.10500000 -0.09992054
-0.05000000 0.09000000 -0.09988706
-0.05000000 0.13500000 -0.09985305
-0.05000000 0.12000000 -0.10000273
-0.05000000 0.16500000 -0.09990008
-0.05000000 0.15000000 -0.09970437
-0.05000000 0.19500000 -0.10001378
-0.05000000 0.18000000 -0.09991923
-0.05000000 0.22500000 -0.10000076
-0.05000000 0.21000000 -0.09999758
-0.03333330 0.27000000 -0.10000002
-0.03333330 0.24000000 -0.10000003
-0.05000000 0.24000000 -0.09999991
-0.03333330 0.30000000 -0.09999998
0.00000000 -0.27000000 -0.10000489
0.00000000 -0.30000000 -0.09999800
-0.01666670 -0.24000000 -0.09999562
0.00000000 -0.24000000 -0.09996880
-0.03333330 -0.22500000 -0.10005693
-0.01666670 -0.22500000 -0.10011418
-0.03333330 -0.21000000 -0.09954222
-0.03333330 -0.19500000 -0.10225595
-0.02500000 -0.19500000 -0.10148928
-0.01666670 -0.19500000 -0.10209543
-0.01666670 -0.21000000 -0.09953989
-0.03333330 -0.18000000 -0.10223090
-0.03333330 -0.17250000 -0.10163738
-0.02500000 -0.17250000 -0.10093897
-0.02500000 -0.18000000 -0.10123455
-0.03333330 -0.15000000 -0.10237275
-0.03333330 -0.14250000 -0.10192115
-0.02500000 -0.14250000 -0.10092890
-0.02500000 -0.15000000 -0.10107678
-0.03333330 -0.12000000 -0.10235763
-0.03333330 -0.11250000 -0.10199012
-0.02500000 -0.11250000 -0.10090236
-0.02500000 -0.12000000 -0.10094493
-0.03333330 -0.09000000 -0.10224280
-0.03333330 -0.08250000 -0.10206257
-0.02500000 -0.08250000 -0.10087960
-0.02500000 -0.09000000 -0.10098687
-0.03333330 -0.06000000 -0.10115004
-0.03333330 -0.05250000 -0.10136161
-0.02500000 -0.05250000 -0.10023953
-0.02500000 -0.06000000 -0.10014520
-0.03333330 -0.03000000 -0.10108122
-0.03333330 -0.02250000 -0.10140092
-0.02500000 -0.02250000 -0.10043712
-0.02500000 -0.03000000 -0.09999610
-0.03333330 0.00000000 -0.10092657
-0.03333330 0.00750000 -0.10098295
-0.02500000 0.00750000 -0.10005751
-0.02500000 0.00000000 -0.09993257
-0.03333330 0.03000000 -0.10069773
-0.03333330 0.03750000 -0.10087357
-0.02500000 0.03750000 -0.09988318
-0.02500000 0.03000000 -0.09966317
-0.03333330 0.06000000 -0.10044549
-0.03333330 0.06750000 -0.10017958
-0.02500000 0.06750000 -0.09964234
-0.02500000 0.06000000 -0.09979448
-0.03333330 0.09000000 -0.10042943
-0.03333330 0.09750000 -0.10039759
-0.02500000 0.09750000 -0.10003534
-0.02500000 0.09000000 -0.09983956
-0.03333330 0.12000000 -0.10079090
-0.03333330 0.12750000 -0.10129072
-0.02500000 0.12750000 -0.10027850
-0.02500000 0.12000000 -0.09962253
-0.03333330 0.15000000 -0.10101902
-0.03333330 0.15750000 -0.10125366
-0.02500000 0.15750000 -0.10084213
-0.02500000 0.15000000 -0.10025910
-0.03333330 0.18000000 -0.10007616
-0.03333330 0.18750000 -0.09998689
-0.02500000 0.18750000 -0.10026365
-0.02500000 0.18000000 -0.10109371
-0.03333330 0.21000000 -0.09999596
-0.03333330 0.22500000 -0.10000145
-0.01666670 0.22500000 -0.09999748
-0.01666670 0.21000000 -0.10002604
0.00000000 0.27000000 -0.09999976
0.00000000 0.24000000 -0.10000117
-0.01666670 0.24000000 -0.10000014
0.00000000 0.30000000 -0.10000006
0.03333330 -0.27000000 -0.10000562
0.03333330 -0.30000000 -0.09999725
0.01666670 -0.24000000 -0.09998118
0.03333330 -0.24000000 -0.09995782
0.00000000 -0.22500000 -0.10012927
0.01666670 -0.22500000 -0.10015619
0.00000000 -0.21000000 -0.09954342
0.00000000 -0.19500000 -0.10204863
0.00833333 -0.19500000 -0.10150125
0.01666670 -0.19500000 -0.10224906
0.01666670 -0.21000000 -0.09944814
0.00000000 -0.18000000 -0.10093549
0.00000000 -0.17250000 -0.10044795
0.00833333 -0.17250000 -0.10038982
0.00833333 -0.18000000 -0.10086692
0.00000000 -0.15000000 -0.10014688
0.00000000 -0.14250000 -0.10007907
0.00833333 -0.14250000 -0.09997386
0.00833333 -0.15000000 -0.10002866
0.00000000 -0.12000000 -0.10004592
0.00000000 -0.11250000 -0.10002421
0.00833333 -0.11250000 -0.10003184
0.00833333 -0.12000000 -0.10002609
0.00000000 -0.09000000 -0.10025008
0.00000000 -0.08250000 -0.10021173
0.00833333 -0.08250000 -0.10015601
0.00833333 -0.09000000 -0.10021956
0.00000000 -0.06000000 -0.09949967
0.00000000 -0.05250000 -0.09952605
0.00833333 -0.05250000 -0.09943510
0.00833333 -0.06000000 -0.09961898
0.00000000 -0.03000000 -0.09966330
0.00000000 -0.02250000 -0.09956179
0.00833333 -0.02250000 -0.09968842
0.00833333 -0.03000000 -0.09961872
0.00000000 0.00000000 -0.09950982
0.00000000 0.00750000 -0.09963479
0.00833333 0.00750000 -0.09970574
0.00833333 0.00000000 -0.09971115
0.00000000 0.03000000 -0.10025220
0.00000000 0.03750000 -0.10004474
0.00833333 0.03750000 -0.09996678
0.00833333 0.03000000 -0.09996018
0.00000000 0.06000000 -0.09997246
0.00000000 0.06750000 -0.10000202
0.00833333 0.06750000 -0.10000079
0.00833333 0.06000000 -0.10000389
0.00000000 0.09000000 -0.09996144
0.00000000 0.09750000 -0.09997041
0.00833333 0.09750000 -0.10000861
0.00833333 0.09000000 -0.10001142
0.00000000 0.12000000 -0.09998277
0.00000000 0.12750000 -0.09999917
0.00833333 0.12750000 -0.10000419
0.00833333 0.12000000 -0.10000052
0.00000000 0.15000000 -0.10014838
0.00000000 0.15750000 -0.10056634
0.00833333 0.15750000 -0.10004337
0.00833333 0.15000000 -0.09993666
0.00000000 0.18000000 -0.09985697
0.00000000 0.18750000 -0.10072918
0.00833333 0.18750000 -0.10086514
0.00833333 0.18000000 -0.09987253
0.00000000 0.21000000 -0.10002526
0.00000000 0.22500000 -0.09999295
0.01666670 0.22500000 -0.09999123
0.01666670 0.21000000 -0.10001660
0.03333330 0.27000000 -0.09999970
0.03333330 0.24000000 -0.10000198
0.01666670 0.24000000 -0.10000116
0.03333330 0.30000000 -0.10000011
0.06666670 -0.27000000 -0.10000498
0.06666670 -0.30000000 -0.09999308
0.05000000 -0.24000000 -0.09999997
0.06666670 -0.24000000 -0.09989759
0.03333330 -0.22500000 -0.10001293
0.05000000 -0.22500000 -0.10018533
0.03333330 -0.21000000 -0.09965012
0.03333330 -0.19500000 -0.10217434
0.04166670 -0.19500000 -0.10155462
0.05000000 -0.19500000 -0.10227624
0.05000000 -0.21000000 -0.09937783
0.03333330 -0.18000000 -0.10071811
0.03333330 -0.17250000 -0.10016929
0.04166670 -0.17250000 -0.10004205
0.04166670 -0.18000000 -0.10066494
0.03333330 -0.15000000 -0.09982849
0.03333330 -0.14250000 -0.09985236
0.04166670 -0.14250000 -0.09985040
0.04166670 -0.15000000 -0.09976607
0.03333330 -0.12000000 -0.10012965
0.03333330 -0.11250000 -0.10028975
0.04166670 -0.11250000 -0.10049393
0.04166670 -0.12000000 -0.10028921
0.03333330 -0.09000000 -0.10093269
0.03333330 -0.08250000 -0.10082493
0.04166670 -0.08250000 -0.10100374
0.04166670 -0.09000000 -0.10107787
0.03333330 -0.06000000 -0.09945910
0.03333330 -0.05250000 -0.10008596
0.04166670 -0.05250000 -0.09993735
0.04166670 -0.06000000 -0.09972209
0.03333330 -0.03000000 -0.09998206
0.03333330 -0.02250000 -0.10014696
0.04166670 -0.02250000 -0.09998992
0.04166670 -0.03000000 -0.10000426
0.03333330 0.00000000 -0.09967389
0.03333330 0.00750000 -0.10010252
0.04166670 0.00750000 -0.10005426
0.04166670 0.00000000 -0.09986455
0.03333330 0.03000000 -0.09999820
0.03333330 0.03750000 -0.10000050
0.04166670 0.03750000 -0.09999985
0.04166670 0.03000000 -0.09999953
0.03333330 0.06000000 -0.10000047
0.03333330 0.06750000 -0.10000034
0.04166670 0.06750000 -0.09999753
0.04166670 0.06000000 -0.09999923
0.03333330 0.09000000 -0.10000083
0.03333330 0.09750000 -0.10000041
0.04166670 0.09750000 -0.09999636
0.04166670 0.09000000 -0.09999829
0.03333330 0.12000000 -0.09999985
0.03333330 0.12750000 -0.10000064
0.04166670 0.12750000 -0.10000085
0.04166670 0.12000000 -0.09999952
0.03333330 0.15000000 -0.09994593
0.03333330 0.15750000 -0.10007653
0.04166670 0.15750000 -0.10019426
0.04166670 0.15000000 -0.09997387
0.03333330 0.18000000 -0.09994588
0.03333330 0.18750000 -0.10086575
0.04166670 0.18750000 -0.10105203
0.04166670 0.18000000 -0.10001710
0.03333330 0.21000000 -0.10002723
0.03333330 0.22500000 -0.09999623
0.05000000 0.22500000 -0.09999465
0.05000000 0.21000000 -0.09999768
0.06666670 0.27000000 -0.09999929
0.06666670 0.24000000 -0.09999948
0.05000000 0.24000000 -0.10000062
0.06666670 0.30000000 -0.10000035
0.10000000 -0.27000000 -0.10002543
0.10000000 -0.30000000 -0.09998349
0.08333330 -0.24000000 -0.09999994
0.10000000 -0.24000000 -0.09977415
0.06666670 -0.22500000 -0.10022242
0.08333330 -0.22500000 -0.10040169
0.06666670 -0.21000000 -0.09959664
0.06666670 -0.19500000 -0.10267171
0.07500000 -0.19500000 -0.10223097
0.08333330 -0.19500000 -0.10337893
0.08333330 -0.21000000 -0.09989136
0.06666670 -0.18000000 -0.10082594
0.06666670 -0.17250000 -0.10034116
0.07500000 -0.17250000 -0.10079716
0.07500000 -0.18000000 -0.10139773
0.06666670 -0.15000000 -0.10028064
0.06666670 -0.14250000 -0.10041968
0.07500000 -0.14250000 -0.10100111
0.07500000 -0.15000000 -0.10094647
0.06666670 -0.12000000 -0.10082803
0.06666670 -0.11250000 -0.10071110
0.07500000 -0.11250000 -0.10073168
0.07500000 -0.12000000 -0.10091682
0.06666670 -0.09000000 -0.10050188
0.06666670 -0.08250000 -0.10028456
0.07500000 -0.08250000 -0.09993948
0.07500000 -0.09000000 -0.10011865
0.06666670 -0.06000000 -0.09886429
0.06666670 -0.05250000 -0.09937458
0.07500000 -0.05250000 -0.09874542
0.07500000 -0.06000000 -0.09937103
0.06666670 -0.03000000 -0.10001687
0.06666670 -0.02250000 -0.09999819
0.07500000 -0.02250000 -0.09999492
0.07500000 -0.03000000 -0.10001352
0.06666670 0.00000000 -0.09999429
0.06666670 0.00750000 -0.09999880
0.07500000 0.00750000 -0.10000030
0.07500000 0.00000000 -0.10000106
0.06666670 0.03000000 -0.10000099
0.06666670 0.03750000 -0.09999732
0.07500000 0.03750000 -0.09997944
0.07500000 0.03000000 -0.10001835
0.06666670 0.06000000 -0.10008839
0.06666670 0.06750000 -0.09999841
0.07500000 0.06750000 -0.09981385
0.07500000 0.06000000 -0.09964427
0.06666670 0.09000000 -0.10016030
0.06666670 0.09750000 -0.10008683
0.07500000 0.09750000 -0.09941330
0.07500000 0.09000000 -0.09980434
0.06666670 0.12000000 -0.10003792
0.06666670 0.12750000 -0.09999074
0.07500000 0.12750000 -0.10001084
0.07500000 0.12000000 -0.09998381
0.06666670 0.15000000 -0.09995576
0.06666670 0.15750000 -0.10011128
0.07500000 0.15750000 -0.10001517
0.07500000 0.15000000 -0.10000355
0.06666670 0.18000000 -0.09994011
0.06666670 0.18750000 -0.10088576
0.07500000 0.18750000 -0.10127072
0.07500000 0.18000000 -0.10017493
0.06666670 0.21000000 -0.10002999
0.06666670 0.22500000 -0.09998959
0.08333330 0.22500000 -0.10001750
0.08333330 0.21000000 -0.10008513
0.10000000 0.27000000 -0.10000280
0.10000000 0.24000000 -0.09997197
0.08333330 0.24000000 -0.10000190
0.10000000 0.30000000 -0.09999981
0.13333300 -0.27000000 -0.10003563
0.13333300 -0.30000000 -0.09998390
0.11666700 -0.24000000 -0.09992429
0.13333300 -0.24000000 -0.10001691
0.10000000 -0.22500000 -0.10091598
0.11666700 -0.22500000 -0.10088738
0.10000000 -0.21000000 -0.09990623
0.10000000 -0.19500000 -0.10418698
0.10833300 -0.19500000 -0.10385513
0.11666700 -0.19500000 -0.10491027
0.11666700 -0.21000000 -0.10004971
0.10000000 -0.18000000 -0.10323555
0.10000000 -0.17250000 -0.10240234
0.10833300 -0.17250000 -0.10205179
0.10833300 -0.18000000 -0.10320873
0.10000000 -0.15000000 -0.10088742
0.10000000 -0.14250000 -0.10047885
0.10833300 -0.14250000 -0.09981325
0.10833300 -0.15000000 -0.10020360
0.10000000 -0.12000000 -0.09998005
0.10000000 -0.11250000 -0.09981752
0.10833300 -0.11250000 -0.09957581
0.10833300 -0.12000000 -0.09956085
0.10000000 -0.09000000 -0.09944555
0.10000000 -0.08250000 -0.09918351
0.10833300 -0.08250000 -0.09891660
0.10833300 -0.09000000 -0.09925683
0.10000000 -0.06000000 -0.09831465
0.10000000 -0.05250000 -0.09887538
0.10833300 -0.05250000 -0.09813652
0.10833300 -0.06000000 -0.09838601
0.10000000 -0.03000000 -0.09997185
0.10000000 -0.02250000 -0.10000453
0.10833300 -0.02250000 -0.10001027
0.10833300 -0.03000000 -0.09997422
0.10000000 0.00000000 -0.09999937
0.10000000 0.00750000 -0.10000721
0.10833300 0.00750000 -0.09994752
0.10833300 0.00000000 -0.09999790
0.10000000 0.03000000 -0.10028672
0.10000000 0.03750000 -0.10032503
0.10833300 0.03750000 -0.10050051
0.10833300 0.03000000 -0.10045953
0.10000000 0.06000000 -0.10099910
0.10000000 0.06750000 -0.10123465
0.10833300 0.06750000 -0.10004741
0.10833300 0.06000000 -0.09997900
0.10000000 0.09000000 -0.10119684
0.10000000 0.09750000 -0.10149628
0.10833300 0.09750000 -0.10052034
0.10833300 0.09000000 -0.10031857
0.10000000 0.12000000 -0.10084521
0.10000000 0.12750000 -0.10078970
0.10833300 0.12750000 -0.10091763
0.10833300 0.12000000 -0.10125943
0.10000000 0.15000000 -0.09971891
0.10000000 0.15750000 -0.09970523
0.10833300 0.15750000 -0.10031949
0.10833300 0.15000000 -0.10022615
0.10000000 0.18000000 -0.10123893
0.10000000 0.18750000 -0.10283195
0.10833300 0.18750000 -0.10329247
0.10833300 0.18000000 -0.10176295
0.10000000 0.21000000 -0.09977464
0.10000000 0.22500000 -0.10000729
0.11666700 0.22500000 -0.10020669
0.11666700 0.21000000 -0.09914688
0.13333300 0.27000000 -0.10000798
0.13333300 0.24000000 -0.09993869
0.11666700 0.24000000 -0.09998949
0.13333300 0.30000000 -0.09999659
0.16666700 -0.27000000 -0.10002621
0.16666700 -0.30000000 -0.09998942
0.15000000 -0.24000000 -0.09975404
0.16666700 -0.24000000 -0.10053495
0.13333300 -0.22500000 -0.10138109
0.15000000 -0.22500000 -0.10144633
0.13333300 -0.21000000 -0.10035478
0.13333300 -0.19500000 -0.10516897
0.14166700 -0.19500000 -0.10454986
0.15000000 -0.19500000 -0.10542000
0.15000000 -0.21000000 -0.10066605
0.13333300 -0.18000000 -0.10296097
0.13333300 -0.17250000 -0.10148883
0.14166700 -0.17250000 -0.10126014
0.14166700 -0.18000000 -0.10290337
0.13333300 -0.15000000 -0.09894384
0.13333300 -0.14250000 -0.09878862
0.14166700 -0.14250000 -0.09877730
0.14166700 -0.15000000 -0.09880045
0.13333300 -0.12000000 -0.09917186
0.13333300 -0.11250000 -0.09932571
0.14166700 -0.11250000 -0.09931654
0.14166700 -0.12000000 -0.09906312
0.13333300 -0.09000000 -0.09909295
0.13333300 -0.08250000 -0.09860401
0.14166700 -0.08250000 -0.09856331
0.14166700 -0.09000000 -0.09914101
0.13333300 -0.06000000 -0.09804517
0.13333300 -0.05250000 -0.09895944
0.14166700 -0.05250000 -0.09890675
0.14166700 -0.06000000 -0.09851685
0.13333300 -0.03000000 -0.09999219
0.13333300 -0.02250000 -0.10000305
0.14166700 -0.02250000 -0.10000079
0.14166700 -0.03000000 -0.09999694
0.13333300 0.00000000 -0.10030924
0.13333300 0.00750000 -0.10031971
0.14166700 0.00750000 -0.09990022
0.14166700 0.00000000 -0.09993934
0.13333300 0.03000000 -0.09999459
0.13333300 0.03750000 -0.09983344
0.14166700 0.03750000 -0.09965604
0.14166700 0.03000000 -0.09963077
0.13333300 0.06000000 -0.09951873
0.13333300 0.06750000 -0.09939218
0.14166700 0.06750000 -0.09980810
0.14166700 0.06000000 -0.09984941
0.13333300 0.09000000 -0.09959250
0.13333300 0.09750000 -0.09966112
0.14166700 0.09750000 -0.09990551
0.14166700 0.09000000 -0.09978744
0.13333300 0.12000000 -0.09975982
0.13333300 0.12750000 -0.09960620
0.14166700 0.12750000 -0.09947699
0.14166700 0.12000000 -0.09968556
0.13333300 0.15000000 -0.09967437
0.13333300 0.15750000 -0.09990761
0.14166700 0.15750000 -0.09968518
0.14166700 0.15000000 -0.09936898
0.13333300 0.18000000 -0.10096678
0.13333300 0.18750000 -0.10241865
0.14166700 0.18750000 -0.10261602
0.14166700 0.18000000 -0.10113926
0.13333300 0.21000000 -0.09949883
0.13333300 0.22500000 -0.10001867
0.15000000 0.22500000 -0.10028110
0.15000000 0.21000000 -0.09906442
0.16666700 0.27000000 -0.10000033
0.16666700 0.24000000 -0.09992953
0.15000000 0.24000000 -0.09998917
0.16666700 0.30000000 -0.09999905
0.20000000 -0.27000000 -0.10001728
0.20000000 -0.30000000 -0.09999266
0.18333300 -0.24000000 -0.09964468
0.20000000 -0.24000000 -0.10078460
0.16666700 -0.22500000 -0.10163998
0.18333300 -0.22500000 -0.10144339
0.16666700 -0.21000000 -0.10038189
0.16666700 -0.19500000 -0.10500587
0.17500000 -0.19500000 -0.10398207
0.18333300 -0.19500000 -0.10398482
0.18333300 -0.21000000 -0.10014946
0.16666700 -0.18000000 -0.10207128
0.16666700 -0.17250000 -0.10035591
0.17500000 -0.17250000 -0.09982096
0.17500000 -0.18000000 -0.10157020
0.16666700 -0.15000000 -0.09838515
0.16666700 -0.14250000 -0.09852616
0.17500000 -0.14250000 -0.09867384
0.17500000 -0.15000000 -0.09838949
0.16666700 -0.12000000 -0.09916106
0.16666700 -0.11250000 -0.09931888
0.17500000 -0.11250000 -0.09942728
0.17500000 -0.12000000 -0.09924236
0.16666700 -0.09000000 -0.09971554
0.16666700 -0.08250000 -0.09975451
0.17500000 -0.08250000 -0.09995669
0.17500000 -0.09000000 -0.09974846
0.16666700 -0.06000000 -0.09841896
0.16666700 -0.05250000 -0.09920853
0.17500000 -0.05250000 -0.09883845
0.17500000 -0.06000000 -0.10019199
0.16666700 -0.03000000 -0.09999142
0.16666700 -0.02250000 -0.09996608
0.17500000 -0.02250000 -0.10017364
0.17500000 -0.03000000 -0.10022125
0.16666700 0.00000000 -0.10001846
0.16666700 0.00750000 -0.10044174
0.17500000 0.00750000 -0.09968068
0.17500000 0.00000000 -0.09979381
0.16666700 0.03000000 -0.09999614
0.16666700 0.03750000 -0.10007390
0.17500000 0.03750000 -0.10063123
0.17500000 0.03000000 -0.10051306
0.16666700 0.06000000 -0.10034762
0.16666700 0.06750000 -0.10038128
0.17500000 0.06750000 -0.10083671
0.17500000 0.06000000 -0.10090241
0.16666700 0.09000000 -0.10037158
0.16666700 0.09750000 -0.10065439
0.17500000 0.09750000 -0.10083833
0.17500000 0.09000000 -0.10071238
0.16666700 0.12000000 -0.10017706
0.16666700 0.12750000 -0.09993078
0.17500000 0.12750000 -0.10027829
0.17500000 0.12000000 -0.10054745
0.16666700 0.15000000 -0.09993590
0.16666700 0.15750000 -0.10019509
0.17500000 0.15750000 -0.10029658
0.17500000 0.15000000 -0.10007032
0.16666700 0.18000000 -0.10182520
0.16666700 0.18750000 -0.10355004
0.17500000 0.18750000 -0.10379741
0.17500000 0.18000000 -0.10211344
0.16666700 0.21000000 -0.09921331
0.16666700 0.22500000 -0.10009857
0.18333300 0.22500000 -0.10018175
0.18333300 0.21000000 -0.09924727
0.20000000 0.27000000 -0.10003294
0.20000000 0.24000000 -0.09980337
0.18333300 0.24000000 -0.10001191
0.20000000 0.30000000 -0.09999248
0.23333300 -0.27000000 -0.10001359
0.23333300 -0.30000000 -0.09999291
0.21666700 -0.24000000 -0.09966487
0.23333300 -0.24000000 -0.10070369
0.20000000 -0.22500000 -0.10121578
0.21666700 -0.22500000 -0.10102627
0.20000000 -0.21000000 -0.09974431
0.20000000 -0.19500000 -0.10320120
0.20833300 -0.19500000 -0.10248537
0.21666700 -0.19500000 -0.10258161
0.21666700 -0.21000000 -0.09970378
0.20000000 -0.18000000 -0.10018212
0.20000000 -0.17250000 -0.09916870
0.20833300 -0.17250000 -0.09916346
0.20833300 -0.18000000 -0.10014074
0.20000000 -0.15000000 -0.09895743
0.20000000 -0.14250000 -0.09923491
0.20833300 -0.14250000 -0.09941798
0.20833300 -0.15000000 -0.09909067
0.20000000 -0.12000000 -0.09969579
0.20000000 -0.11250000 -0.09964446
0.20833300 -0.11250000 -0.09980223
0.20833300 -0.12000000 -0.09982408
0.20000000 -0.09000000 -0.09979720
0.20000000 -0.08250000 -0.09981787
0.20833300 -0.08250000 -0.09984867
0.20833300 -0.09000000 -0.09980882
0.20000000 -0.06000000 -0.10151227
0.20000000 -0.05250000 -0.10248415
0.20833300 -0.05250000 -0.10130141
0.20833300 -0.06000000 -0.10076483
0.20000000 -0.03000000 -0.10334850
0.20000000 -0.02250000 -0.10280025
0.20833300 -0.02250000 -0.10180020
0.20833300 -0.03000000 -0.10220645
0.20000000 0.00000000 -0.10178927
0.20000000 0.00750000 -0.10168132
0.20833300 0.00750000 -0.10080160
0.20833300 0.00000000 -0.10103428
0.20000000 0.03000000 -0.10140495
0.20000000 0.03750000 -0.10137030
0.20833300 0.03750000 -0.10059229
0.20833300 0.03000000 -0.10061615
0.20000000 0.06000000 -0.10104543
0.20000000 0.06750000 -0.10104452
0.20833300 0.06750000 -0.10055356
0.20833300 0.06000000 -0.10059123
0.20000000 0.09000000 -0.10069468
0.20000000 0.09750000 -0.10062938
0.20833300 0.09750000 -0.10041988
0.20833300 0.09000000 -0.10053693
0.20000000 0.12000000 -0.10038375
0.20000000 0.12750000 -0.10043077
0.20833300 0.12750000 -0.10033780
0.20833300 0.12000000 -0.10031770
0.20000000 0.15000000 -0.10041532
0.20000000 0.15750000 -0.10060804
0.20833300 0.15750000 -0.10060865
0.20833300 0.15000000 -0.10046478
0.20000000 0.18000000 -0.10233581
0.20000000 0.18750000 -0.10418426
0.20833300 0.18750000 -0.10438385
0.20833300 0.18000000 -0.10255917
0.20000000 0.21000000 -0.09995627
0.20000000 0.22500000 -0.10066186
0.21666700 0.22500000 -0.10087408
0.21666700 0.21000000 -0.10047899
0.23333300 0.27000000 -0.10003360
0.23333300 0.24000000 -0.10049605
0.21666700 0.24000000 -0.09984772
0.23333300 0.30000000 -0.09997953
0.26666700 -0.27000000 -0.10001760
0.26666700 -0.30000000 -0.09998751
0.25000000 -0.24000000 -0.09973004
0.26666700 -0.24000000 -0.10046943
0.23333300 -0.22500000 -0.10070608
0.25000000 -0.22500000 -0.10084628
0.23333300 -0.21000000 -0.09928384
0.23333300 -0.19500000 -0.10289530
0.24166700 -0.19500000 -0.10262051
0.25000000 -0.19500000 -0.10327460
0.25000000 -0.21000000 -0.09965213
0.23333300 -0.18000000 -0.10062571
0.23333300 -0.17250000 -0.09985009
0.24166700 -0.17250000 -0.10006338
0.24166700 -0.18000000 -0.10092539
0.23333300 -0.15000000 -0.09956747
0.23333300 -0.14250000 -0.09974639
0.24166700 -0.14250000 -0.09988625
0.24166700 -0.15000000 -0.09963010
0.23333300 -0.12000000 -0.10013080
0.23333300 -0.11250000 -0.09992287
0.24166700 -0.11250000 -0.09979435
0.24166700 -0.12000000 -0.09999976
0.23333300 -0.09000000 -0.09956918
0.23333300 -0.08250000 -0.09941524
0.24166700 -0.08250000 -0.09898879
0.24166700 -0.09000000 -0.09910710
0.23333300 -0.06000000 -0.09950741
0.23333300 -0.05250000 -0.09953401
0.24166700 -0.05250000 -0.09882750
0.24166700 -0.06000000 -0.09872723
0.23333300 -0.03000000 -0.09969789
0.23333300 -0.02250000 -0.09971392
0.24166700 -0.02250000 -0.09892738
0.24166700 -0.03000000 -0.09898723
0.23333300 0.00000000 -0.09965231
0.23333300 0.00750000 -0.09962836
0.24166700 0.00750000 -0.09925320
0.24166700 0.00000000 -0.09919780
0.23333300 0.03000000 -0.09969166
0.23333300 0.03750000 -0.09981864
0.24166700 0.03750000 -0.09965073
0.24166700 0.03000000 -0.09947620
0.23333300 0.06000000 -0.09993565
0.23333300 0.06750000 -0.10001531
0.24166700 0.06750000 -0.09985087
0.24166700 0.06000000 -0.09980713
0.23333300 0.09000000 -0.09999448
0.23333300 0.09750000 -0.10005712
0.24166700 0.09750000 -0.09983690
0.24166700 0.09000000 -0.09979826
0.23333300 0.12000000 -0.10004987
0.23333300 0.12750000 -0.10009380
0.24166700 0.12750000 -0.09993349
0.24166700 0.12000000 -0.09991098
0.23333300 0.15000000 -0.10032684
0.23333300 0.15750000 -0.10061668
0.24166700 0.15750000 -0.10047071
0.24166700 0.15000000 -0.10021737
0.23333300 0.18000000 -0.10254168
0.23333300 0.18750000 -0.10436324
0.24166700 0.18750000 -0.10452136
0.24166700 0.18000000 -0.10271261
0.23333300 0.21000000 -0.10053921
0.23333300 0.22500000 -0.10153938
0.25000000 0.22500000 -0.10172493
0.25000000 0.21000000 -0.10096145
0.26666700 0.27000000 -0.09996583
0.26666700 0.24000000 -0.10111865
0.25000000 0.24000000 -0.09958547
0.26666700 0.30000000 -0.09999724
0.30000000 -0.27000000 -0.10002703
0.30000000 -0.30000000 -0.09999273
0.28333300 -0.24000000 -0.09978814
0.30000000 -0.24000000 -0.10025116
0.26666700 -0.22500000 -0.10073167
0.28333300 -0.22500000 -0.10090379
0.26666700 -0.21000000 -0.09959602
0.26666700 -0.19500000 -0.10347416
0.27500000 -0.19500000 -0.10243090
0.28333300 -0.19500000 -0.10273901
0.28333300 -0.21000000 -0.10005714
0.26666700 -0.18000000 -0.10088125
0.26666700 -0.17250000 -0.09996334
0.27500000 -0.17250000 -0.09961585
0.27500000 -0.18000000 -0.10062352
0.26666700 -0.15000000 -0.09939488
0.26666700 -0.14250000 -0.09945483
0.27500000 -0.14250000 -0.09895606
0.27500000 -0.15000000 -0.09891745
0.26666700 -0.12000000 -0.09881087
0.26666700 -0.11250000 -0.09818867
0.27500000 -0.11250000 -0.09724635
0.27500000 -0.12000000 -0.09784052
0.26666700 -0.09000000 -0.09691696
0.26666700 -0.08250000 -0.09643126
0.27500000 -0.08250000 -0.09529527
0.27500000 -0.09000000 -0.09563208
0.26666700 -0.06000000 -0.09567867
0.26666700 -0.05250000 -0.09531324
0.27500000 -0.05250000 -0.09414981
0.27500000 -0.06000000 -0.09428801
0.26666700 -0.03000000 -0.09533993
0.26666700 -0.02250000 -0.09561483
0.27500000 -0.02250000 -0.09446787
0.27500000 -0.03000000 -0.09393590
0.26666700 0.00000000 -0.09654969
0.26666700 0.00750000 -0.09672206
0.27500000 0.00750000 -0.09533518
0.27500000 0.00000000 -0.09517455
0.26666700 0.03000000 -0.09725299
0.26666700 0.03750000 -0.09749543
0.27500000 0.03750000 -0.09619894
0.27500000 0.03000000 -0.09582408
0.26666700 0.06000000 -0.09788311
0.26666700 0.06750000 -0.09799893
0.27500000 0.06750000 -0.09696283
0.27500000 0.06000000 -0.09675327
0.26666700 0.09000000 -0.09810660
0.26666700 0.09750000 -0.09816203
0.27500000 0.09750000 -0.09718267
0.27500000 0.09000000 -0.09708200
0.26666700 0.12000000 -0.09833534
0.26666700 0.12750000 -0.09845215
0.27500000 0.12750000 -0.09749271
0.27500000 0.12000000 -0.09733065
0.26666700 0.15000000 -0.09899924
0.26666700 0.15750000 -0.09943452
0.27500000 0.15750000 -0.09861216
0.27500000 0.15000000 -0.09814697
0.26666700 0.18000000 -0.10201385
0.26666700 0.18750000 -0.10402594
0.27500000 0.18750000 -0.10365354
0.27500000 0.18000000 -0.10156537
0.26666700 0.21000000 -0.10070257
0.26666700 0.22500000 -0.10162527
0.28333300 0.22500000 -0.10156913
0.28333300 0.21000000 -0.10074314
0.30000000 0.27000000 -0.09991835
0.30000000 0.24000000 -0.10099983
0.28333300 0.24000000 -0.09995898
0.30000000 0.30000000 -0.10003819
-0.02500000 -0.18750000 -0.10197461
-0.03333330 -0.18750000 -0.10291893
0.00000000 -0.18750000 -0.10197559
-0.00833333 -0.18750000 -0.10202544
-0.00833333 -0.18000000 -0.10100149
-0.00833333 -0.19500000 -0.10171419
-0.02500000 -0.15750000 -0.10148187
-0.03333330 -0.15750000 -0.10287090
0.00000000 -0.15750000 -0.10013445
-0.00833333 -0.15750000 -0.10035457
-0.00833333 -0.15000000 -0.10028973
-0.00833333 -0.17250000 -0.10056215
-0.02500000 -0.12750000 -0.10133652
-0.03333330 -0.12750000 -0.10277425
0.00000000 -0.12750000 -0.10001810
-0.00833333 -0.12750000 -0.10014657
-0.00833333 -0.12000000 -0.10007608
-0.00833333 -0.14250000 -0.10024303
-0.02500000 -0.09750000 -0.10127802
-0.03333330 -0.09750000 -0.10257096
0.00000000 -0.09750000 -0.10012473
-0.00833333 -0.09750000 -0.10036204
-0.00833333 -0.09000000 -0.10044614
-0.00833333 -0.11250000 -0.10006383
-0.02500000 -0.06750000 -0.10057474
-0.03333330 -0.06750000 -0.10138172
0.00000000 -0.06750000 -0.09982308
-0.00833333 -0.06750000 -0.09969928
-0.00833333 -0.06000000 -0.09945027
-0.00833333 -0.08250000 -0.10048650
-0.02500000 -0.03750000 -0.10013116
-0.03333330 -0.03750000 -0.10113743
0.00000000 -0.03750000 -0.09958432
-0.00833333 -0.03750000 -0.09932817
-0.00833333 -0.03000000 -0.09927898
-0.00833333 -0.05250000 -0.09955386
-0.02500000 -0.00750000 -0.10062908
-0.03333330 -0.00750000 -0.10145592
0.00000000 -0.00750000 -0.09970342
-0.00833333 -0.00750000 -0.09970087
-0.00833333 0.00000000 -0.09950497
-0.00833333 -0.02250000 -0.09930970
-0.02500000 0.02250000 -0.09998307
-0.03333330 0.02250000 -0.10101972
0.00000000 0.02250000 -0.09990056
-0.00833333 0.02250000 -0.09944532
-0.00833333 0.03000000 -0.09931167
-0.00833333 0.00750000 -0.09961813
-0.02500000 0.05250000 -0.09986575
-0.03333330 0.05250000 -0.10035936
0.00000000 0.05250000 -0.09996924
-0.00833333 0.05250000 -0.10014733
-0.00833333 0.06000000 -0.10003585
-0.00833333 0.03750000 -0.09960531
-0.02500000 0.08250000 -0.09977578
-0.03333330 0.08250000 -0.10015871
0.00000000 0.08250000 -0.09998731
-0.00833333 0.08250000 -0.10008987
-0.00833333 0.09000000 -0.10002844
-0.00833333 0.06750000 -0.10002789
-0.02500000 0.11250000 -0.09949662
-0.03333330 0.11250000 -0.10028010
0.00000000 0.11250000 -0.09990595
-0.00833333 0.11250000 -0.10042028
-0.00833333 0.12000000 -0.10018037
-0.00833333 0.09750000 -0.10022805
-0.02500000 0.14250000 -0.10008247
-0.03333330 0.14250000 -0.10027476
0.00000000 0.14250000 -0.10016802
-0.00833333 0.14250000 -0.09917281
-0.00833333 0.15000000 -0.09922249
-0.00833333 0.12750000 -0.09978243
-0.02500000 0.17250000 -0.10121142
-0.03333330 0.17250000 -0.10058610
0.00000000 0.17250000 -0.09929456
-0.00833333 0.17250000 -0.09969615
-0.00833333 0.18000000 -0.10021509
-0.00833333 0.15750000 -0.09886163
-0.01666670 0.19500000 -0.09966720
-0.02500000 0.19500000 -0.10002153
-0.03333330 0.19500000 -0.09996947
0.00000000 0.19500000 -0.09978533
-0.00833333 0.19500000 -0.09997654
-0.00833333 0.18750000 -0.10085693
0.00833333 -0.18750000 -0.10204347
0.03333330 -0.18750000 -0.10183648
0.02500000 -0.18750000 -0.10199214
0.02500000 -0.18000000 -0.10085855
0.02500000 -0.19500000 -0.10154551
0.00833333 -0.15750000 -0.10002027
0.03333330 -0.15750000 -0.09975188
0.02500000 -0.15750000 -0.09986185
0.02500000 -0.15000000 -0.09988626
0.02500000 -0.17250000 -0.10026186
0.00833333 -0.12750000 -0.09996979
0.03333330 -0.12750000 -0.09996082
0.02500000 -0.12750000 -0.09996992
0.02500000 -0.12000000 -0.10009034
0.02500000 -0.14250000 -0.09988377
0.00833333 -0.09750000 -0.10011355
0.03333330 -0.09750000 -0.10072805
0.02500000 -0.09750000 -0.10047279
0.02500000 -0.09000000 -0.10070343
0.02500000 -0.11250000 -0.10017543
0.00833333 -0.06750000 -0.09959198
0.03333330 -0.06750000 -0.09990139
0.02500000 -0.06750000 -0.09965454
0.02500000 -0.06000000 -0.09935697
0.02500000 -0.08250000 -0.10075841
0.00833333 -0.03750000 -0.09951766
0.03333330 -0.03750000 -0.09997176
0.02500000 -0.03750000 -0.10019507
0.02500000 -0.03000000 -0.10020053
0.02500000 -0.05250000 -0.10032762
0.00833333 -0.00750000 -0.09971619
0.03333330 -0.00750000 -0.09982291
0.02500000 -0.00750000 -0.09965134
0.02500000 0.00000000 -0.09967139
0.02500000 -0.02250000 -0.09963148
0.00833333 0.02250000 -0.10008582
0.03333330 0.02250000 -0.10000000
0.02500000 0.02250000 -0.10001184
0.02500000 0.03000000 -0.09999915
0.02500000 0.00750000 -0.09987558
0.00833333 0.05250000 -0.10000651
0.03333330 0.05250000 -0.10000018
0.02500000 0.05250000 -0.10000010
0.02500000 0.06000000 -0.10000018
0.02500000 0.03750000 -0.09999969
0.00833333 0.08250000 -0.10000581
0.03333330 0.08250000 -0.10000046
0.02500000 0.08250000 -0.10000033
0.02500000 0.09000000 -0.10000040
0.02500000 0.06750000 -0.10000006
0.00833333 0.11250000 -0.10001329
0.03333330 0.11250000 -0.10000020
0.02500000 0.11250000 -0.10000107
0.02500000 0.12000000 -0.10000008
0.02500000 0.09750000 -0.10000083
0.00833333 0.14250000 -0.09997903
0.03333330 0.14250000 -0.10000748
0.02500000 0.14250000 -0.10001201
0.02500000 0.15000000 -0.09997062
0.02500000 0.12750000 -0.10000102
0.00833333 0.17250000 -0.09924923
0.03333330 0.17250000 -0.09947507
0.02500000 0.17250000 -0.09948877
0.02500000 0.18000000 -0.09997864
0.02500000 0.15750000 -0.10018164
0.01666670 0.19500000 -0.10002898
0.00833333 0.19500000 -0.09992879
0.03333330 0.19500000 -0.10011806
0.02500000 0.19500000 -0.09988300
0.02500000 0.18750000 -0.10081805
0.04166670 -0.18750000 -0.10181890
0.06666670 -0.18750000 -0.10203450
0.05833330 -0.18750000 -0.10187495
0.05833330 -0.18000000 -0.10063781
0.05833330 -0.19500000 -0.10183288
0.04166670 -0.15750000 -0.09964952
0.06666670 -0.15750000 -0.10015592
0.05833330 -0.15750000 -0.09978695
0.05833330 -0.15000000 -0.09991780
0.05833330 -0.17250000 -0.09999222
0.04166670 -0.12750000 -0.10004755
0.06666670 -0.12750000 -0.10075477
0.05833330 -0.12750000 -0.10049501
0.05833330 -0.12000000 -0.10072416
0.05833330 -0.14250000 -0.10002324
0.04166670 -0.09750000 -0.10104801
0.06666670 -0.09750000 -0.10052364
0.05833330 -0.09750000 -0.10096572
0.05833330 -0.09000000 -0.10085989
0.05833330 -0.11250000 -0.10080728
0.04166670 -0.06750000 -0.10012764
0.06666670 -0.06750000 -0.09966300
0.05833330 -0.06750000 -0.10018725
0.05833330 -0.06000000 -0.10027334
0.05833330 -0.08250000 -0.10068007
0.04166670 -0.03750000 -0.10000355
0.06666670 -0.03750000 -0.09996876
0.05833330 -0.03750000 -0.09997092
0.05833330 -0.03000000 -0.10000260
0.05833330 -0.05250000 -0.09989596
0.04166670 -0.00750000 -0.09976966
0.06666670 -0.00750000 -0.09999564
0.05833330 -0.00750000 -0.10002134
0.05833330 0.00000000 -0.10002210
0.05833330 -0.02250000 -0.09999436
0.04166670 0.02250000 -0.10000393
0.06666670 0.02250000 -0.09999916
0.05833330 0.02250000 -0.09999994
0.05833330 0.03000000 -0.10000080
0.05833330 0.00750000 -0.09998793
0.04166670 0.05250000 -0.09999863
0.06666670 0.05250000 -0.10000053
0.05833330 0.05250000 -0.09998550
0.05833330 0.06000000 -0.09998626
0.05833330 0.03750000 -0.09999602
0.04166670 0.08250000 -0.09999633
0.06666670 0.08250000 -0.10007672
0.05833330 0.08250000 -0.09995513
0.05833330 0.09000000 -0.09997922
0.05833330 0.06750000 -0.09997428
0.04166670 0.11250000 -0.09999800
0.06666670 0.11250000 -0.10004014
0.05833330 0.11250000 -0.09997495
0.05833330 0.12000000 -0.09999633
0.05833330 0.09750000 -0.09995431
0.04166670 0.14250000 -0.10001622
0.06666670 0.14250000 -0.10000064
0.05833330 0.14250000 -0.10001690
0.05833330 0.15000000 -0.09996917
0.05833330 0.12750000 -0.09999819
0.04166670 0.17250000 -0.09946689
0.06666670 0.17250000 -0.09954314
0.05833330 0.17250000 -0.09950029
0.05833330 0.18000000 -0.09991378
0.05833330 0.15750000 -0.10020264
0.05000000 0.19500000 -0.10053734
0.04166670 0.19500000 -0.09978902
0.06666670 0.19500000 -0.10035811
0.05833330 0.19500000 -0.09979908
0.05833330 0.18750000 -0.10058298
0.07500000 -0.18750000 -0.10246197
0.10000000 -0.18750000 -0.10444633
0.09166670 -0.18750000 -0.10429966
0.09166670 -0.18000000 -0.10322854
0.09166670 -0.19500000 -0.10357594
0.07500000 -0.15750000 -0.10073198
0.10000000 -0.15750000 -0.10126088
0.09166670 -0.15750000 -0.10195668
0.09166670 -0.15000000 -0.10162225
0.09166670 -0.17250000 -0.10271125
0.07500000 -0.12750000 -0.10104181
0.10000000 -0.12750000 -0.09996015
0.09166670 -0.12750000 -0.10075449
0.09166670 -0.12000000 -0.10051401
0.09166670 -0.14250000 -0.10130483
0.07500000 -0.09750000 -0.10022432
0.10000000 -0.09750000 -0.09947163
0.09166670 -0.09750000 -0.09973298
0.09166670 -0.09000000 -0.09957267
0.09166670 -0.11250000 -0.10023390
0.07500000 -0.06750000 -0.09946729
0.10000000 -0.06750000 -0.09856776
0.09166670 -0.06750000 -0.09892143
0.09166670 -0.06000000 -0.09925214
0.09166670 -0.08250000 -0.09932236
0.07500000 -0.03750000 -0.09992180
0.10000000 -0.03750000 -0.10007121
0.09166670 -0.03750000 -0.10001010
0.09166670 -0.03000000 -0.10000099
0.09166670 -0.05250000 -0.09975977
0.07500000 -0.00750000 -0.10000089
0.10000000 -0.00750000 -0.09999987
0.09166670 -0.00750000 -0.10000017
0.09166670 0.00000000 -0.10000142
0.09166670 -0.02250000 -0.10000183
0.07500000 0.02250000 -0.10000110
0.10000000 0.02250000 -0.09999214
0.09166670 0.02250000 -0.09995085
0.09166670 0.03000000 -0.10010993
0.09166670 0.00750000 -0.09999465
0.07500000 0.05250000 -0.09988973
0.10000000 0.05250000 -0.10067476
0.09166670 0.05250000 -0.10178121
0.09166670 0.06000000 -0.10215340
0.09166670 0.03750000 -0.10063765
0.07500000 0.08250000 -0.09944787
0.10000000 0.08250000 -0.10120546
0.09166670 0.08250000 -0.10215311
0.09166670 0.09000000 -0.10216038
0.09166670 0.06750000 -0.10269666
0.07500000 0.11250000 -0.09970165
0.10000000 0.11250000 -0.10170395
0.09166670 0.11250000 -0.10168589
0.09166670 0.12000000 -0.10105197
0.09166670 0.09750000 -0.10240463
0.07500000 0.14250000 -0.10003449
0.10000000 0.14250000 -0.09991620
0.09166670 0.14250000 -0.10002146
0.09166670 0.15000000 -0.09992845
0.09166670 0.12750000 -0.10097177
0.07500000 0.17250000 -0.09966347
0.10000000 0.17250000 -0.10030913
0.09166670 0.17250000 -0.10018649
0.09166670 0.18000000 -0.10118563
0.09166670 0.15750000 -0.09982049
0.08333330 0.19500000 -0.10143458
0.07500000 0.19500000 -0.09956948
0.10000000 0.19500000 -0.10288062
0.09166670 0.19500000 -0.09914368
0.09166670 0.18750000 -0.10251098
0.10833300 -0.18750000 -0.10469932
0.13333300 -0.18750000 -0.10472764
0.12500000 -0.18750000 -0.10492525
0.12500000 -0.18000000 -0.10318201
0.12500000 -0.19500000 -0.10467463
0.10833300 -0.15750000 -0.10065661
0.13333300 -0.15750000 -0.09923100
0.12500000 -0.15750000 -0.09961333
0.12500000 -0.15000000 -0.09915669
0.12500000 -0.17250000 -0.10178701
0.10833300 -0.12750000 -0.09940162
0.13333300 -0.12750000 -0.09878761
0.12500000 -0.12750000 -0.09892571
0.12500000 -0.12000000 -0.09920288
0.12500000 -0.14250000 -0.09882454
0.10833300 -0.09750000 -0.09932099
0.13333300 -0.09750000 -0.09931343
0.12500000 -0.09750000 -0.09927839
0.12500000 -0.09000000 -0.09902710
0.12500000 -0.11250000 -0.09933084
0.10833300 -0.06750000 -0.09819440
0.13333300 -0.06750000 -0.09738488
0.12500000 -0.06750000 -0.09732746
0.12500000 -0.06000000 -0.09805998
0.12500000 -0.08250000 -0.09856472
0.10833300 -0.03750000 -0.10015212
0.13333300 -0.03750000 -0.10003542
0.12500000 -0.03750000 -0.10001354
0.12500000 -0.03000000 -0.10000527
0.12500000 -0.05250000 -0.09888084
0.10833300 -0.00750000 -0.10000320
0.13333300 -0.00750000 -0.10000934
0.12500000 -0.00750000 -0.10000012
0.12500000 0.00000000 -0.09994368
0.12500000 -0.02250000 -0.10000444
0.10833300 0.02250000 -0.10012239
0.13333300 0.02250000 -0.10005077
0.12500000 0.02250000 -0.10057538
0.12500000 0.03000000 -0.10039618
0.12500000 0.00750000 -0.10071415
0.10833300 0.05250000 -0.09995539
0.13333300 0.05250000 -0.09951501
0.12500000 0.05250000 -0.09908384
0.12500000 0.06000000 -0.09898737
0.12500000 0.03750000 -0.10006779
0.10833300 0.08250000 -0.10026866
0.13333300 0.08250000 -0.09926452
0.12500000 0.08250000 -0.09895282
0.12500000 0.09000000 -0.09926204
0.12500000 0.06750000 -0.09875878
0.10833300 0.11250000 -0.10145289
0.13333300 0.11250000 -0.09972392
0.12500000 0.11250000 -0.09999588
0.12500000 0.12000000 -0.10020186
0.12500000 0.09750000 -0.09937120
0.10833300 0.14250000 -0.10013760
0.13333300 0.14250000 -0.09934255
0.12500000 0.14250000 -0.10034966
0.12500000 0.15000000 -0.10054136
0.12500000 0.12750000 -0.10034453
0.10833300 0.17250000 -0.10086079
0.13333300 0.17250000 -0.10038278
0.12500000 0.17250000 -0.10078327
0.12500000 0.18000000 -0.10143835
0.12500000 0.15750000 -0.10054302
0.11666700 0.19500000 -0.10367246
0.10833300 0.19500000 -0.10175456
0.13333300 0.19500000 -0.10297942
0.12500000 0.19500000 -0.10217761
0.12500000 0.18750000 -0.10266106
0.14166700 -0.18750000 -0.10483492
0.16666700 -0.18750000 -0.10413474
0.15833300 -0.18750000 -0.10468919
0.15833300 -0.18000000 -0.10256714
0.15833300 -0.19500000 -0.10478732
0.14166700 -0.15750000 -0.09889139
0.16666700 -0.15750000 -0.09818200
0.15833300 -0.15750000 -0.09845224
0.15833300 -0.15000000 -0.09845912
0.15833300 -0.17250000 -0.10078935
0.14166700 -0.12750000 -0.09867776
0.16666700 -0.12750000 -0.09879820
0.15833300 -0.12750000 -0.09871170
0.15833300 -0.12000000 -0.09900843
0.15833300 -0.14250000 -0.09844647
0.14166700 -0.09750000 -0.09935727
0.16666700 -0.09750000 -0.09956712
0.15833300 -0.09750000 -0.09947149
0.15833300 -0.09000000 -0.09955650
0.15833300 -0.11250000 -0.09916045
0.14166700 -0.06750000 -0.09727345
0.16666700 -0.06750000 -0.09880282
0.15833300 -0.06750000 -0.09778104
0.15833300 -0.06000000 -0.09868140
0.15833300 -0.08250000 -0.09958920
0.14166700 -0.03750000 -0.10000309
0.16666700 -0.03750000 -0.09995754
0.15833300 -0.03750000 -0.09992194
0.15833300 -0.03000000 -0.10001545
0.15833300 -0.05250000 -0.09948824
0.14166700 -0.00750000 -0.10008982
0.16666700 -0.00750000 -0.09993738
0.15833300 -0.00750000 -0.10016593
0.15833300 0.00000000 -0.09944629
0.15833300 -0.02250000 -0.10000849
0.14166700 0.02250000 -0.09966105
0.16666700 0.02250000 -0.09957304
0.15833300 0.02250000 -0.09921675
0.15833300 0.03000000 -0.09956291
0.15833300 0.00750000 -0.09900848
0.14166700 0.05250000 -0.09972365
0.16666700 0.05250000 -0.10028604
0.15833300 0.05250000 -0.10022132
0.15833300 0.06000000 -0.10036679
0.15833300 0.03750000 -0.09968839
0.14166700 0.08250000 -0.09948435
0.16666700 0.08250000 -0.10015991
0.15833300 0.08250000 -0.10010358
0.15833300 0.09000000 -0.10035125
0.15833300 0.06750000 -0.10033053
0.14166700 0.11250000 -0.09977871
0.16666700 0.11250000 -0.10063197
0.15833300 0.11250000 -0.10060991
0.15833300 0.12000000 -0.10026458
0.15833300 0.09750000 -0.10059018
0.14166700 0.14250000 -0.09884787
0.16666700 0.14250000 -0.09954765
0.15833300 0.14250000 -0.09946338
0.15833300 0.15000000 -0.09983753
0.15833300 0.12750000 -0.09986731
0.14166700 0.17250000 -0.10026248
0.16666700 0.17250000 -0.10103779
0.15833300 0.17250000 -0.10096718
0.15833300 0.18000000 -0.10184936
0.15833300 0.15750000 -0.10012597
0.15000000 0.19500000 -0.10379052
0.14166700 0.19500000 -0.10222328
0.16666700 0.19500000 -0.10431187
0.15833300 0.19500000 -0.10282941
0.15833300 0.18750000 -0.10336951
0.17500000 -0.18750000 -0.10373976
0.20000000 -0.18750000 -0.10205734
0.19166700 -0.18750000 -0.10247164
0.19166700 -0.18000000 -0.10043392
0.19166700 -0.19500000 -0.10295448
0.17500000 -0.15750000 -0.09791108
0.20000000 -0.15750000 -0.09866201
0.19166700 -0.15750000 -0.09838644
0.19166700 -0.15000000 -0.09875422
0.19166700 -0.17250000 -0.09906839
0.17500000 -0.12750000 -0.09889739
0.20000000 -0.12750000 -0.09957627
0.19166700 -0.12750000 -0.09935804
0.19166700 -0.12000000 -0.09949372
0.19166700 -0.14250000 -0.09902177
0.17500000 -0.09750000 -0.09959552
0.20000000 -0.09750000 -0.09962353
0.19166700 -0.09750000 -0.09960238
0.19166700 -0.09000000 -0.09974367
0.19166700 -0.11250000 -0.09949556
0.17500000 -0.06750000 -0.10045302
0.20000000 -0.06750000 -0.10053978
0.19166700 -0.06750000 -0.10142873
0.19166700 -0.06000000 -0.10318156
0.19166700 -0.08250000 -0.09980359
0.17500000 -0.03750000 -0.09980433
0.20000000 -0.03750000 -0.10325394
0.19166700 -0.03750000 -0.10296827
0.19166700 -0.03000000 -0.10291991
0.19166700 -0.05250000 -0.10453155
0.17500000 -0.00750000 -0.10010424
0.20000000 -0.00750000 -0.10167251
0.19166700 -0.00750000 -0.10166697
0.19166700 0.00000000 -0.10201445
0.19166700 -0.02250000 -0.10270407
0.17500000 0.02250000 -0.09995046
0.20000000 0.02250000 -0.10123162
0.19166700 0.02250000 -0.10193841
0.19166700 0.03000000 -0.10207775
0.19166700 0.00750000 -0.10245569
0.17500000 0.05250000 -0.10070663
0.20000000 0.05250000 -0.10107969
0.19166700 0.05250000 -0.10186309
0.19166700 0.06000000 -0.10180187
0.19166700 0.03750000 -0.10220922
0.17500000 0.08250000 -0.10052021
0.20000000 0.08250000 -0.10081966
0.19166700 0.08250000 -0.10126889
0.19166700 0.09000000 -0.10116562
0.19166700 0.06750000 -0.10174812
0.17500000 0.11250000 -0.10076892
0.20000000 0.11250000 -0.10039039
0.19166700 0.11250000 -0.10086945
0.19166700 0.12000000 -0.10084705
0.19166700 0.09750000 -0.10113265
0.17500000 0.14250000 -0.09979715
0.20000000 0.14250000 -0.10036009
0.19166700 0.14250000 -0.10046419
0.19166700 0.15000000 -0.10051870
0.19166700 0.12750000 -0.10072265
0.17500000 0.17250000 -0.10112856
0.20000000 0.17250000 -0.10144751
0.19166700 0.17250000 -0.10142120
0.19166700 0.18000000 -0.10246279
0.19166700 0.15750000 -0.10063588
0.18333300 0.19500000 -0.10505094
0.17500000 0.19500000 -0.10314090
0.20000000 0.19500000 -0.10479236
0.19166700 0.19500000 -0.10352806
0.19166700 0.18750000 -0.10418877
0.20833300 -0.18750000 -0.10187108
0.23333300 -0.18750000 -0.10219710
0.22500000 -0.18750000 -0.10186524
0.22500000 -0.18000000 -0.10025225
0.22500000 -0.19500000 -0.10201976
0.20833300 -0.15750000 -0.09876934
0.23333300 -0.15750000 -0.09940451
0.22500000 -0.15750000 -0.09910281
0.22500000 -0.15000000 -0.09929219
0.22500000 -0.17250000 -0.09931975
0.20833300 -0.12750000 -0.09975951
0.23333300 -0.12750000 -0.10019397
0.22500000 -0.12750000 -0.10009425
0.22500000 -0.12000000 -0.10011439
0.22500000 -0.14250000 -0.09951052
0.20833300 -0.09750000 -0.09966448
0.23333300 -0.09750000 -0.09952829
0.22500000 -0.09750000 -0.09977699
0.22500000 -0.09000000 -0.09981111
0.22500000 -0.11250000 -0.10003174
0.20833300 -0.06750000 -0.10001116
0.23333300 -0.06750000 -0.09923734
0.22500000 -0.06750000 -0.09985151
0.22500000 -0.06000000 -0.10007534
0.22500000 -0.08250000 -0.09977537
0.20833300 -0.03750000 -0.10238461
0.23333300 -0.03750000 -0.09955277
0.22500000 -0.03750000 -0.10028513
0.22500000 -0.03000000 -0.10054514
0.22500000 -0.05250000 -0.10015698
0.20833300 -0.00750000 -0.10118376
0.23333300 -0.00750000 -0.09933843
0.22500000 -0.00750000 -0.09994359
0.22500000 0.00000000 -0.10014053
0.22500000 -0.02250000 -0.10046053
0.20833300 0.02250000 -0.10053942
0.23333300 0.02250000 -0.09942087
0.22500000 0.02250000 -0.09966532
0.22500000 0.03000000 -0.09987863
0.22500000 0.00750000 -0.09992275
0.20833300 0.05250000 -0.10053635
0.23333300 0.05250000 -0.09987502
0.22500000 0.05250000 -0.10005302
0.22500000 0.06000000 -0.10015078
0.22500000 0.03750000 -0.09995989
0.20833300 0.08250000 -0.10055150
0.23333300 0.08250000 -0.09998624
0.22500000 0.08250000 -0.10029519
0.22500000 0.09000000 -0.10035086
0.22500000 0.06750000 -0.10020981
0.20833300 0.11250000 -0.10021022
0.23333300 0.11250000 -0.10005064
0.22500000 0.11250000 -0.10027784
0.22500000 0.12000000 -0.10030602
0.22500000 0.09750000 -0.10033742
0.20833300 0.14250000 -0.10034830
0.23333300 0.14250000 -0.10018070
0.22500000 0.14250000 -0.10039337
0.22500000 0.15000000 -0.10055525
0.22500000 0.12750000 -0.10030391
0.20833300 0.17250000 -0.10144792
0.23333300 0.17250000 -0.10160633
0.22500000 0.17250000 -0.10162613
0.22500000 0.18000000 -0.10271345
0.22500000 0.15750000 -0.10076061
0.21666700 0.19500000 -0.10525644
0.20833300 0.19500000 -0.10360894
0.23333300 0.19500000 -0.10497582
0.22500000 0.19500000 -0.10406121
0.22500000 0.18750000 -0.10446825
0.24166700 -0.18750000 -0.10252005
0.26666700 -0.18750000 -0.10258115
0.25833300 -0.18750000 -0.10267386
0.25833300 -0.18000000 -0.10092752
0.25833300 -0.19500000 -0.10260845
0.24166700 -0.15750000 -0.09949666
0.26666700 -0.15750000 -0.09938641
0.25833300 -0.15750000 -0.09946758
0.25833300 -0.15000000 -0.09951125
0.25833300 -0.17250000 -0.09986404
0.24166700 -0.12750000 -0.10020805
0.26666700 -0.12750000 -0.09928094
0.25833300 -0.12750000 -0.09975806
0.25833300 -0.12000000 -0.09933041
0.25833300 -0.14250000 -0.09966786
0.24166700 -0.09750000 -0.09919613
0.26666700 -0.09750000 -0.09715534
0.25833300 -0.09750000 -0.09804219
0.25833300 -0.09000000 -0.09771333
0.25833300 -0.11250000 -0.09885908
0.24166700 -0.06750000 -0.09855725
0.26666700 -0.06750000 -0.09565216
0.25833300 -0.06750000 -0.09668942
0.25833300 -0.06000000 -0.09660315
0.25833300 -0.08250000 -0.09727565
0.24166700 -0.03750000 -0.09880842
0.26666700 -0.03750000 -0.09482930
0.25833300 -0.03750000 -0.09636392
0.25833300 -0.03000000 -0.09670753
0.25833300 -0.05250000 -0.09627038
0.24166700 -0.00750000 -0.09884500
0.26666700 -0.00750000 -0.09592369
0.25833300 -0.00750000 -0.09725814
0.25833300 0.00000000 -0.09775109
0.25833300 -0.02250000 -0.09680794
0.24166700 0.02250000 -0.09915264
0.26666700 0.02250000 -0.09682851
0.25833300 0.02250000 -0.09805286
0.25833300 0.03000000 -0.09834585
0.25833300 0.00750000 -0.09782203
0.24166700 0.05250000 -0.09972749
0.26666700 0.05250000 -0.09773603
0.25833300 0.05250000 -0.09876825
0.25833300 0.06000000 -0.09882418
0.25833300 0.03750000 -0.09854178
0.24166700 0.08250000 -0.09974449
0.26666700 0.08250000 -0.09804574
0.25833300 0.08250000 -0.09889761
0.25833300 0.09000000 -0.09890602
0.25833300 0.06750000 -0.09886958
0.24166700 0.11250000 -0.09986957
0.26666700 0.11250000 -0.09822952
0.25833300 0.11250000 -0.09904090
0.25833300 0.12000000 -0.09909992
0.25833300 0.09750000 -0.09891431
0.24166700 0.14250000 -0.10001545
0.26666700 0.14250000 -0.09873408
0.25833300 0.14250000 -0.09939701
0.25833300 0.15000000 -0.09962663
0.25833300 0.12750000 -0.09915308
0.24166700 0.17250000 -0.10152815
0.26666700 0.17250000 -0.10083033
0.25833300 0.17250000 -0.10120317
0.25833300 0.18000000 -0.10248738
0.25833300 0.15750000 -0.09994518
0.25000000 0.19500000 -0.10519240
0.24166700 0.19500000 -0.10404680
0.26666700 0.19500000 -0.10495637
0.25833300 0.19500000 -0.10428042
0.25833300 0.18750000 -0.10439044
0.27500000 -0.18750000 -0.10234655
0.30000000 -0.18000000 -0.10073272
0.30000000 -0.18750000 -0.10214080
0.29166700 -0.18750000 -0.10192254
0.29166700 -0.18000000 -0.10038635
0.30000000 -0.21000000 -0.09970157
0.29166700 -0.19500000 -0.10193626
0.30000000 -0.19500000 -0.10276265
0.27500000 -0.15750000 -0.09898197
0.30000000 -0.15000000 -0.09806053
0.30000000 -0.15750000 -0.09838191
0.29166700 -0.15750000 -0.09839091
0.29166700 -0.15000000 -0.09814565
0.29166700 -0.17250000 -0.09941292
0.30000000 -0.17250000 -0.09980007
0.27500000 -0.12750000 -0.09850031
0.30000000 -0.12000000 -0.09577034
0.30000000 -0.12750000 -0.09638364
0.29166700 -0.12750000 -0.09696063
0.29166700 -0.12000000 -0.09620344
0.29166700 -0.14250000 -0.09802345
0.30000000 -0.14250000 -0.09766931
0.27500000 -0.09750000 -0.09595514
0.30000000 -0.09000000 -0.09329792
0.30000000 -0.09750000 -0.09353191
0.29166700 -0.09750000 -0.09421901
0.29166700 -0.09000000 -0.09377495
0.29166700 -0.11250000 -0.09546466
0.30000000 -0.11250000 -0.09487019
0.27500000 -0.06750000 -0.09431122
0.30000000 -0.06000000 -0.09364008
0.30000000 -0.06750000 -0.09311633
0.29166700 -0.06750000 -0.09305077
0.29166700 -0.06000000 -0.09303998
0.29166700 -0.08250000 -0.09327579
0.30000000 -0.08250000 -0.09274845
0.27500000 -0.03750000 -0.09332929
0.30000000 -0.03000000 -0.09943142
0.30000000 -0.03750000 -0.09661667
0.29166700 -0.03750000 -0.09365608
0.29166700 -0.03000000 -0.09484067
0.29166700 -0.05250000 -0.09266009
0.30000000 -0.05250000 -0.09330298
0.27500000 -0.00750000 -0.09451870
0.30000000 0.00000000 -0.09770454
0.30000000 -0.00750000 -0.10427026
0.29166700 -0.00750000 -0.09316254
0.29166700 0.00000000 -0.09339571
0.29166700 -0.02250000 -0.09427804
0.30000000 -0.02250000 -0.10211380
0.27500000 0.02250000 -0.09537686
0.30000000 0.03000000 -0.09382189
0.30000000 0.02250000 -0.09355619
0.29166700 0.02250000 -0.09339157
0.29166700 0.03000000 -0.09367503
0.29166700 0.00750000 -0.09335707
0.30000000 0.00750000 -0.09439782
0.27500000 0.05250000 -0.09650353
0.30000000 0.06000000 -0.09370391
0.30000000 0.05250000 -0.09333061
0.29166700 0.05250000 -0.09437972
0.29166700 0.06000000 -0.09461649
0.29166700 0.03750000 -0.09368939
0.30000000 0.03750000 -0.09314818
0.27500000 0.08250000 -0.09699592
0.30000000 0.09000000 -0.09410131
0.30000000 0.08250000 -0.09383404
0.29166700 0.08250000 -0.09499558
0.29166700 0.09000000 -0.09508502
0.29166700 0.06750000 -0.09473696
0.30000000 0.06750000 -0.09356061
0.27500000 0.11250000 -0.09718749
0.30000000 0.12000000 -0.09459114
0.30000000 0.11250000 -0.09428814
0.29166700 0.11250000 -0.09533170
0.29166700 0.12000000 -0.09547705
0.29166700 0.09750000 -0.09512102
0.30000000 0.09750000 -0.09397370
0.27500000 0.14250000 -0.09779557
0.30000000 0.15000000 -0.09567668
0.30000000 0.14250000 -0.09517173
0.29166700 0.14250000 -0.09607350
0.29166700 0.15000000 -0.09644734
0.29166700 0.12750000 -0.09560975
0.30000000 0.12750000 -0.09459662
0.27500000 0.17250000 -0.10010847
0.30000000 0.18000000 -0.09966486
0.30000000 0.17250000 -0.09809861
0.29166700 0.17250000 -0.09864014
0.29166700 0.18000000 -0.10025930
0.29166700 0.15750000 -0.09689576
0.30000000 0.15750000 -0.09610565
0.28333300 0.19500000 -0.10396246
0.27500000 0.19500000 -0.10375429
0.30000000 0.21000000 -0.09961879
0.30000000 0.19500000 -0.10299163
0.29166700 0.19500000 -0.10282537
0.29166700 0.18750000 -0.10244420
0.30000000 0.18750000 -0.10174711
-0.03333330 -0.16500000 -0.10210499
-0.03333330 -0.13500000 -0.10221857
-0.03333330 -0.10500000 -0.10217503
-0.03333330 -0.07500000 -0.10168884
-0.03333330 -0.04500000 -0.10104753
-0.03333330 -0.01500000 -0.10145299
-0.03333330 0.01500000 -0.10083155
-0.03333330 0.04500000 -0.10052238
-0.03333330 0.07500000 -0.09997373
-0.03333330 0.10500000 -0.10020489
-0.03333330 0.13500000 -0.10009591
-0.03333330 0.16500000 -0.09921296
-0.02500000 -0.16500000 -0.10174554
-0.01666670 -0.16500000 -0.10052352
-0.01666670 -0.17250000 -0.10058261
-0.01666670 -0.18000000 -0.10074910
-0.02500000 -0.13500000 -0.10172512
-0.01666670 -0.13500000 -0.10033004
-0.01666670 -0.14250000 -0.10034843
-0.01666670 -0.15000000 -0.10033300
-0.02500000 -0.10500000 -0.10170463
-0.01666670 -0.10500000 -0.10033031
-0.01666670 -0.11250000 -0.10019212
-0.01666670 -0.12000000 -0.10006056
-0.02500000 -0.07500000 -0.10141242
-0.01666670 -0.07500000 -0.10011417
-0.01666670 -0.08250000 -0.10042341
-0.01666670 -0.09000000 -0.10038227
-0.02500000 -0.04500000 -0.10069932
-0.01666670 -0.04500000 -0.09944829
-0.01666670 -0.05250000 -0.09957636
-0.01666670 -0.06000000 -0.09951910
-0.02500000 -0.01500000 -0.10114978
-0.01666670 -0.01500000 -0.09984889
-0.01666670 -0.02250000 -0.09954264
-0.01666670 -0.03000000 -0.09913600
-0.02500000 0.01500000 -0.10053252
-0.01666670 0.01500000 -0.09939537
-0.01666670 0.00750000 -0.09949587
-0.01666670 0.00000000 -0.09959767
-0.02500000 0.04500000 -0.10032244
-0.01666670 0.04500000 -0.09913479
-0.01666670 0.03750000 -0.09928568
-0.01666670 0.03000000 -0.09893324
-0.02500000 0.07500000 -0.10031512
-0.01666670 0.07500000 -0.09991141
-0.01666670 0.06750000 -0.10017735
-0.01666670 0.06000000 -0.09970913
-0.02500000 0.10500000 -0.10027255
-0.01666670 0.10500000 -0.09929889
-0.01666670 0.09750000 -0.09952507
-0.01666670 0.09000000 -0.09959096
-0.02500000 0.13500000 -0.10072674
-0.01666670 0.13500000 -0.09914744
-0.01666670 0.12750000 -0.09926608
-0.01666670 0.12000000 -0.09882713
-0.02500000 0.16500000 -0.10147387
-0.01666670 0.16500000 -0.09986708
-0.01666670 0.15750000 -0.09965225
-0.01666670 0.15000000 -0.09945055
-0.01666670 0.18750000 -0.10149266
-0.01666670 0.18000000 -0.10103761
0.00000000 -0.16500000 -0.10019014
0.00833333 -0.16500000 -0.10009896
0.01666670 -0.16500000 -0.10004997
0.01666670 -0.17250000 -0.10037594
0.01666670 -0.18000000 -0.10083027
0.00000000 -0.13500000 -0.10000708
0.00833333 -0.13500000 -0.09993083
0.01666670 -0.13500000 -0.09991562
0.01666670 -0.14250000 -0.09993607
0.01666670 -0.15000000 -0.09995821
0.00000000 -0.10500000 -0.09999982
0.00833333 -0.10500000 -0.10002701
0.01666670 -0.10500000 -0.10011743
0.01666670 -0.11250000 -0.10009382
0.01666670 -0.12000000 -0.10006231
0.00000000 -0.07500000 -0.10005159
0.00833333 -0.07500000 -0.09987116
0.01666670 -0.07500000 -0.09993965
0.01666670 -0.08250000 -0.10036560
0.01666670 -0.09000000 -0.10032351
0.00000000 -0.04500000 -0.09965667
0.00833333 -0.04500000 -0.09967601
0.01666670 -0.04500000 -0.09951103
0.01666670 -0.05250000 -0.09914890
0.01666670 -0.06000000 -0.09973153
0.00000000 -0.01500000 -0.09967285
0.00833333 -0.01500000 -0.09969289
0.01666670 -0.01500000 -0.09956286
0.01666670 -0.02250000 -0.09944614
0.01666670 -0.03000000 -0.09938910
0.00000000 0.01500000 -0.09980126
0.00833333 0.01500000 -0.09986479
0.01666670 0.01500000 -0.09983872
0.01666670 0.00750000 -0.09971526
0.01666670 0.00000000 -0.09977098
0.00000000 0.04500000 -0.09999678
0.00833333 0.04500000 -0.10000709
0.01666670 0.04500000 -0.10000157
0.01666670 0.03750000 -0.10000955
0.01666670 0.03000000 -0.09999369
0.00000000 0.07500000 -0.09998652
0.00833333 0.07500000 -0.10000420
0.01666670 0.07500000 -0.09999858
0.01666670 0.06750000 -0.10000049
0.01666670 0.06000000 -0.09999872
0.00000000 0.10500000 -0.09993976
0.00833333 0.10500000 -0.10002776
0.01666670 0.10500000 -0.09999358
0.01666670 0.09750000 -0.10000011
0.01666670 0.09000000 -0.09999660
0.00000000 0.13500000 -0.10006523
0.00833333 0.13500000 -0.09999023
0.01666670 0.13500000 -0.10000121
0.01666670 0.12750000 -0.09999894
0.01666670 0.12000000 -0.09999778
0.00000000 0.16500000 -0.09892142
0.00833333 0.16500000 -0.09940458
0.01666670 0.16500000 -0.09961753
0.01666670 0.15750000 -0.10004487
0.01666670 0.15000000 -0.09997804
0.01666670 0.18750000 -0.10083964
0.01666670 0.18000000 -0.09990184
0.03333330 -0.16500000 -0.09981665
0.04166670 -0.16500000 -0.09973326
0.05000000 -0.16500000 -0.09965115
0.05000000 -0.17250000 -0.09998216
0.05000000 -0.18000000 -0.10050656
0.03333330 -0.13500000 -0.09983792
0.04166670 -0.13500000 -0.09989999
0.05000000 -0.13500000 -0.10004105
0.05000000 -0.14250000 -0.09987771
0.05000000 -0.15000000 -0.09973982
0.03333330 -0.10500000 -0.10043570
0.04166670 -0.10500000 -0.10074186
0.05000000 -0.10500000 -0.10110677
0.05000000 -0.11250000 -0.10072255
0.05000000 -0.12000000 -0.10050008
0.03333330 -0.07500000 -0.10044595
0.04166670 -0.07500000 -0.10059624
0.05000000 -0.07500000 -0.10080601
0.05000000 -0.08250000 -0.10099737
0.05000000 -0.09000000 -0.10116407
0.03333330 -0.04500000 -0.09993219
0.04166670 -0.04500000 -0.10001273
0.05000000 -0.04500000 -0.10007597
0.05000000 -0.05250000 -0.09962581
0.05000000 -0.06000000 -0.10158745
0.03333330 -0.01500000 -0.09980874
0.04166670 -0.01500000 -0.10009725
0.05000000 -0.01500000 -0.10004266
0.05000000 -0.02250000 -0.09999147
0.05000000 -0.03000000 -0.10000720
0.03333330 0.01500000 -0.09998617
0.04166670 0.01500000 -0.09999051
0.05000000 0.01500000 -0.09999371
0.05000000 0.00750000 -0.10000881
0.05000000 0.00000000 -0.10005556
0.03333330 0.04500000 -0.10000024
0.04166670 0.04500000 -0.09999968
0.05000000 0.04500000 -0.10000286
0.05000000 0.03750000 -0.10000038
0.05000000 0.03000000 -0.09999987
0.03333330 0.07500000 -0.10000077
0.04166670 0.07500000 -0.09999868
0.05000000 0.07500000 -0.10001085
0.05000000 0.06750000 -0.10000268
0.05000000 0.06000000 -0.10000678
0.03333330 0.10500000 -0.10000043
0.04166670 0.10500000 -0.09999872
0.05000000 0.10500000 -0.10001051
0.05000000 0.09750000 -0.10000635
0.05000000 0.09000000 -0.10001348
0.03333330 0.13500000 -0.09999582
0.04166670 0.13500000 -0.09999790
0.05000000 0.13500000 -0.09999549
0.05000000 0.12750000 -0.10000049
0.05000000 0.12000000 -0.10000354
0.03333330 0.16500000 -0.09937201
0.04166670 0.16500000 -0.09958295
0.05000000 0.16500000 -0.09951030
0.05000000 0.15750000 -0.10003616
0.05000000 0.15000000 -0.09994813
0.05000000 0.18750000 -0.10082291
0.05000000 0.18000000 -0.09979686
0.06666670 -0.16500000 -0.10006368
0.07500000 -0.16500000 -0.10072540
0.08333330 -0.16500000 -0.10185882
0.08333330 -0.17250000 -0.10190728
0.08333330 -0.18000000 -0.10231696
0.06666670 -0.13500000 -0.10050826
0.07500000 -0.13500000 -0.10105329
0.08333330 -0.13500000 -0.10146848
0.08333330 -0.14250000 -0.10159269
0.08333330 -0.15000000 -0.10181362
0.06666670 -0.10500000 -0.10050412
0.07500000 -0.10500000 -0.10045203
0.08333330 -0.10500000 -0.10033960
0.08333330 -0.11250000 -0.10066282
0.08333330 -0.12000000 -0.10097641
0.06666670 -0.07500000 -0.10001392
0.07500000 -0.07500000 -0.09964036
0.08333330 -0.07500000 -0.09927258
0.08333330 -0.08250000 -0.09959590
0.08333330 -0.09000000 -0.09978960
0.06666670 -0.04500000 -0.10021538
0.07500000 -0.04500000 -0.10022663
0.08333330 -0.04500000 -0.10021097
0.08333330 -0.05250000 -0.09957756
0.08333330 -0.06000000 -0.09995300
0.06666670 -0.01500000 -0.10000111
0.07500000 -0.01500000 -0.10000063
0.08333330 -0.01500000 -0.10000057
0.08333330 -0.02250000 -0.09999757
0.08333330 -0.03000000 -0.10001225
0.06666670 0.01500000 -0.10000123
0.07500000 0.01500000 -0.09999863
0.08333330 0.01500000 -0.10000280
0.08333330 0.00750000 -0.10000053
0.08333330 0.00000000 -0.10000021
0.06666670 0.04500000 -0.10003429
0.07500000 0.04500000 -0.09988175
0.08333330 0.04500000 -0.10056970
0.08333330 0.03750000 -0.09971701
0.08333330 0.03000000 -0.09994508
0.06666670 0.07500000 -0.10012992
0.07500000 0.07500000 -0.09971196
0.08333330 0.07500000 -0.10176062
0.08333330 0.06750000 -0.09852441
0.08333330 0.06000000 -0.10163114
0.06666670 0.10500000 -0.10012493
0.07500000 0.10500000 -0.09984543
0.08333330 0.10500000 -0.10137837
0.08333330 0.09750000 -0.10153210
0.08333330 0.09000000 -0.10176119
0.06666670 0.13500000 -0.09999026
0.07500000 0.13500000 -0.10002641
0.08333330 0.13500000 -0.09985878
0.08333330 0.12750000 -0.09971102
0.08333330 0.12000000 -0.10031449
0.06666670 0.16500000 -0.09938131
0.07500000 0.16500000 -0.09965670
0.08333330 0.16500000 -0.09989714
0.08333330 0.15750000 -0.10001007
0.08333330 0.15000000 -0.09998034
0.08333330 0.18750000 -0.10159469
0.08333330 0.18000000 -0.10026705
0.10000000 -0.16500000 -0.10170050
0.10833300 -0.16500000 -0.10132480
0.11666700 -0.16500000 -0.10093572
0.11666700 -0.17250000 -0.10199930
0.11666700 -0.18000000 -0.10318305
0.10000000 -0.13500000 -0.10004543
0.10833300 -0.13500000 -0.09949456
0.11666700 -0.13500000 -0.09904278
0.11666700 -0.14250000 -0.09926760
0.11666700 -0.15000000 -0.09957119
0.10000000 -0.10500000 -0.09951539
0.10833300 -0.10500000 -0.09938773
0.11666700 -0.10500000 -0.09938638
0.11666700 -0.11250000 -0.09940374
0.11666700 -0.12000000 -0.09929039
0.10000000 -0.07500000 -0.09889019
0.10833300 -0.07500000 -0.09845691
0.11666700 -0.07500000 -0.09776619
0.11666700 -0.08250000 -0.09866015
0.11666700 -0.09000000 -0.09912321
0.10000000 -0.04500000 -0.09958109
0.10833300 -0.04500000 -0.09960894
0.11666700 -0.04500000 -0.09952062
0.11666700 -0.05250000 -0.09846374
0.11666700 -0.06000000 -0.09826933
0.10000000 -0.01500000 -0.09999786
0.10833300 -0.01500000 -0.09999740
0.11666700 -0.01500000 -0.09999909
0.11666700 -0.02250000 -0.10000435
0.11666700 -0.03000000 -0.09996870
0.10000000 0.01500000 -0.10002450
0.10833300 0.01500000 -0.09978235
0.11666700 0.01500000 -0.10077633
0.11666700 0.00750000 -0.09970985
0.11666700 0.00000000 -0.10006917
0.10000000 0.04500000 -0.10023309
0.10833300 0.04500000 -0.09981059
0.11666700 0.04500000 -0.09973884
0.11666700 0.03750000 -0.10049634
0.11666700 0.03000000 -0.10078258
0.10000000 0.07500000 -0.10120838
0.10833300 0.07500000 -0.10008850
0.11666700 0.07500000 -0.09907186
0.11666700 0.06750000 -0.09911943
0.11666700 0.06000000 -0.09908794
0.10000000 0.10500000 -0.10183212
0.10833300 0.10500000 -0.10096924
0.11666700 0.10500000 -0.10017969
0.11666700 0.09750000 -0.09979443
0.11666700 0.09000000 -0.09945568
0.10000000 0.13500000 -0.10040996
0.10833300 0.13500000 -0.10066700
0.11666700 0.13500000 -0.10101896
0.11666700 0.12750000 -0.10108995
0.11666700 0.12000000 -0.10111292
0.10000000 0.16500000 -0.09963901
0.10833300 0.16500000 -0.10023803
0.11666700 0.16500000 -0.10104617
0.11666700 0.15750000 -0.10095114
0.11666700 0.15000000 -0.10093014
0.11666700 0.18750000 -0.10324536
0.11666700 0.18000000 -0.10187269
0.13333300 -0.16500000 -0.10012068
0.14166700 -0.16500000 -0.09989443
0.15000000 -0.16500000 -0.09953195
0.15000000 -0.17250000 -0.10112224
0.15000000 -0.18000000 -0.10279089
0.13333300 -0.13500000 -0.09857164
0.14166700 -0.13500000 -0.09858961
0.15000000 -0.13500000 -0.09854938
0.15000000 -0.14250000 -0.09863199
0.15000000 -0.15000000 -0.09861920
0.13333300 -0.10500000 -0.09935554
0.14166700 -0.10500000 -0.09935173
0.15000000 -0.10500000 -0.09930534
0.15000000 -0.11250000 -0.09919835
0.15000000 -0.12000000 -0.09897101
0.13333300 -0.07500000 -0.09799701
0.14166700 -0.07500000 -0.09783943
0.15000000 -0.07500000 -0.09775264
0.15000000 -0.08250000 -0.09888109
0.15000000 -0.09000000 -0.09931680
0.13333300 -0.04500000 -0.09984952
0.14166700 -0.04500000 -0.09985614
0.15000000 -0.04500000 -0.10028593
0.15000000 -0.05250000 -0.09963024
0.15000000 -0.06000000 -0.09884912
0.13333300 -0.01500000 -0.09999030
0.14166700 -0.01500000 -0.09996872
0.15000000 -0.01500000 -0.10004415
0.15000000 -0.02250000 -0.09998260
0.15000000 -0.03000000 -0.10001596
0.13333300 0.01500000 -0.09996249
0.14166700 0.01500000 -0.09962212
0.15000000 0.01500000 -0.09914687
0.15000000 0.00750000 -0.09935350
0.15000000 0.00000000 -0.09929615
0.13333300 0.04500000 -0.09971890
0.14166700 0.04500000 -0.09974565
0.15000000 0.04500000 -0.09973655
0.15000000 0.03750000 -0.09951845
0.15000000 0.03000000 -0.09921555
0.13333300 0.07500000 -0.09919395
0.14166700 0.07500000 -0.09953400
0.15000000 0.07500000 -0.09992733
0.15000000 0.06750000 -0.10013171
0.15000000 0.06000000 -0.10017566
0.13333300 0.10500000 -0.09971663
0.14166700 0.10500000 -0.09994678
0.15000000 0.10500000 -0.10029012
0.15000000 0.09750000 -0.10026752
0.15000000 0.09000000 -0.10011881
0.13333300 0.13500000 -0.09923231
0.14166700 0.13500000 -0.09901228
0.15000000 0.13500000 -0.09908531
0.15000000 0.12750000 -0.09957364
0.15000000 0.12000000 -0.09990950
0.13333300 0.16500000 -0.09994448
0.14166700 0.16500000 -0.09993527
0.15000000 0.16500000 -0.10019037
0.15000000 0.15750000 -0.09989936
0.15000000 0.15000000 -0.09949774
0.15000000 0.18750000 -0.10293858
0.15000000 0.18000000 -0.10134959
0.16666700 -0.16500000 -0.09886833
0.17500000 -0.16500000 -0.09851853
0.18333300 -0.16500000 -0.09827215
0.18333300 -0.17250000 -0.09934991
0.18333300 -0.18000000 -0.10082671
0.16666700 -0.13500000 -0.09852571
0.17500000 -0.13500000 -0.09870442
0.18333300 -0.13500000 -0.09893259
0.18333300 -0.14250000 -0.09881085
0.18333300 -0.15000000 -0.09852496
0.16666700 -0.10500000 -0.09942952
0.17500000 -0.10500000 -0.09949702
0.18333300 -0.10500000 -0.09949151
0.18333300 -0.11250000 -0.09945157
0.18333300 -0.12000000 -0.09932597
0.16666700 -0.07500000 -0.09963036
0.17500000 -0.07500000 -0.10000906
0.18333300 -0.07500000 -0.10056495
0.18333300 -0.08250000 -0.09996710
0.18333300 -0.09000000 -0.09972899
0.16666700 -0.04500000 -0.10045213
0.17500000 -0.04500000 -0.09920081
0.18333300 -0.04500000 -0.10410181
0.18333300 -0.05250000 -0.10358798
0.18333300 -0.06000000 -0.10358412
0.16666700 -0.01500000 -0.09996183
0.17500000 -0.01500000 -0.09999474
0.18333300 -0.01500000 -0.09978129
0.18333300 -0.02250000 -0.09954879
0.18333300 -0.03000000 -0.09914551
0.16666700 0.01500000 -0.09940185
0.17500000 0.01500000 -0.09995935
0.18333300 0.01500000 -0.10152381
0.18333300 0.00750000 -0.10130101
0.18333300 0.00000000 -0.10120928
0.16666700 0.04500000 -0.10016132
0.17500000 0.04500000 -0.10070593
0.18333300 0.04500000 -0.10194541
0.18333300 0.03750000 -0.10182019
0.18333300 0.03000000 -0.10173036
0.16666700 0.07500000 -0.10008194
0.17500000 0.07500000 -0.10058728
0.18333300 0.07500000 -0.10148026
0.18333300 0.06750000 -0.10169667
0.18333300 0.06000000 -0.10193054
0.16666700 0.10500000 -0.10095096
0.17500000 0.10500000 -0.10092637
0.18333300 0.10500000 -0.10121808
0.18333300 0.09750000 -0.10122357
0.18333300 0.09000000 -0.10133243
0.16666700 0.13500000 -0.09940932
0.17500000 0.13500000 -0.09982643
0.18333300 0.13500000 -0.10047196
0.18333300 0.12750000 -0.10077008
0.18333300 0.12000000 -0.10098319
0.16666700 0.16500000 -0.10045864
0.17500000 0.16500000 -0.10058445
0.18333300 0.16500000 -0.10079236
0.18333300 0.15750000 -0.10055269
0.18333300 0.15000000 -0.10041975
0.18333300 0.18750000 -0.10399556
0.18333300 0.18000000 -0.10216689
0.20000000 -0.16500000 -0.09860068
0.20833300 -0.16500000 -0.09872009
0.21666700 -0.16500000 -0.09873740
0.21666700 -0.17250000 -0.09908952
0.21666700 -0.18000000 -0.09980695
0.20000000 -0.13500000 -0.09941007
0.20833300 -0.13500000 -0.09959925
0.21666700 -0.13500000 -0.09976717
0.21666700 -0.14250000 -0.09942991
0.21666700 -0.15000000 -0.09910628
0.20000000 -0.10500000 -0.09952155
0.20833300 -0.10500000 -0.09969049
0.21666700 -0.10500000 -0.09985971
0.21666700 -0.11250000 -0.09995036
0.21666700 -0.12000000 -0.09998795
0.20000000 -0.07500000 -0.09983321
0.20833300 -0.07500000 -0.09982807
0.21666700 -0.07500000 -0.09992044
0.21666700 -0.08250000 -0.09990380
0.21666700 -0.09000000 -0.09987947
0.20000000 -0.04500000 -0.10294491
0.20833300 -0.04500000 -0.10172864
0.21666700 -0.04500000 -0.10082615
0.21666700 -0.05250000 -0.10069899
0.21666700 -0.06000000 -0.10040924
0.20000000 -0.01500000 -0.10189661
0.20833300 -0.01500000 -0.10128948
0.21666700 -0.01500000 -0.10072904
0.21666700 -0.02250000 -0.10120938
0.21666700 -0.03000000 -0.10149020
0.20000000 0.01500000 -0.10125749
0.20833300 0.01500000 -0.10049957
0.21666700 0.01500000 -0.10004346
0.21666700 0.00750000 -0.10032707
0.21666700 0.00000000 -0.10040868
0.20000000 0.04500000 -0.10111069
0.20833300 0.04500000 -0.10052494
0.21666700 0.04500000 -0.10017694
0.21666700 0.03750000 -0.10021360
0.21666700 0.03000000 -0.10009863
0.20000000 0.07500000 -0.10088510
0.20833300 0.07500000 -0.10055475
0.21666700 0.07500000 -0.10039109
0.21666700 0.06750000 -0.10038179
0.21666700 0.06000000 -0.10033876
0.20000000 0.10500000 -0.10045870
0.20833300 0.10500000 -0.10027645
0.21666700 0.10500000 -0.10033873
0.21666700 0.09750000 -0.10044466
0.21666700 0.09000000 -0.10051251
0.20000000 0.13500000 -0.10034241
0.20833300 0.13500000 -0.10031652
0.21666700 0.13500000 -0.10039913
0.21666700 0.12750000 -0.10040827
0.21666700 0.12000000 -0.10042442
0.20000000 0.16500000 -0.10088358
0.20833300 0.16500000 -0.10092251
0.21666700 0.16500000 -0.10100972
0.21666700 0.15750000 -0.10075931
0.21666700 0.15000000 -0.10060262
0.21666700 0.18750000 -0.10437112
0.21666700 0.18000000 -0.10247271
0.23333300 -0.16500000 -0.09942007
0.24166700 -0.16500000 -0.09963687
0.25000000 -0.16500000 -0.09958917
0.25000000 -0.17250000 -0.09999250
0.25000000 -0.18000000 -0.10074116
0.23333300 -0.13500000 -0.10001657
0.24166700 -0.13500000 -0.10012484
0.25000000 -0.13500000 -0.10013672
0.25000000 -0.14250000 -0.09980917
0.25000000 -0.15000000 -0.09956560
0.23333300 -0.10500000 -0.09961501
0.24166700 -0.10500000 -0.09944604
0.25000000 -0.10500000 -0.09909068
0.25000000 -0.11250000 -0.09943543
0.25000000 -0.12000000 -0.09975280
0.23333300 -0.07500000 -0.09914945
0.24166700 -0.07500000 -0.09863608
0.25000000 -0.07500000 -0.09787438
0.25000000 -0.08250000 -0.09824435
0.25000000 -0.09000000 -0.09850366
0.23333300 -0.04500000 -0.09946911
0.24166700 -0.04500000 -0.09870000
0.25000000 -0.04500000 -0.09763331
0.25000000 -0.05250000 -0.09768723
0.25000000 -0.06000000 -0.09773473
0.23333300 -0.01500000 -0.09932401
0.24166700 -0.01500000 -0.09869047
0.25000000 -0.01500000 -0.09802391
0.25000000 -0.02250000 -0.09811876
0.25000000 -0.03000000 -0.09816015
0.23333300 0.01500000 -0.09933929
0.24166700 0.01500000 -0.09903650
0.25000000 0.01500000 -0.09872470
0.25000000 0.00750000 -0.09880372
0.25000000 0.00000000 -0.09866865
0.23333300 0.04500000 -0.09984722
0.24166700 0.04500000 -0.09965851
0.25000000 0.04500000 -0.09940296
0.25000000 0.03750000 -0.09931730
0.25000000 0.03000000 -0.09920961
0.23333300 0.07500000 -0.10003789
0.24166700 0.07500000 -0.09977729
0.25000000 0.07500000 -0.09950653
0.25000000 0.06750000 -0.09954499
0.25000000 0.06000000 -0.09958556
0.23333300 0.10500000 -0.10004965
0.24166700 0.10500000 -0.09982217
0.25000000 0.10500000 -0.09955243
0.25000000 0.09750000 -0.09953129
0.25000000 0.09000000 -0.09954547
0.23333300 0.13500000 -0.10010034
0.24166700 0.13500000 -0.09992954
0.25000000 0.13500000 -0.09971263
0.25000000 0.12750000 -0.09968572
0.25000000 0.12000000 -0.09968919
0.23333300 0.16500000 -0.10099359
0.24166700 0.16500000 -0.10089450
0.25000000 0.16500000 -0.10072038
0.25000000 0.15750000 -0.10031501
0.25000000 0.15000000 -0.10004208
0.25000000 0.18750000 -0.10439300
0.25000000 0.18000000 -0.10252748
0.30000000 -0.22500000 -0.10069448
0.26666700 -0.16500000 -0.09947218
0.27500000 -0.16500000 -0.09915665
0.28333300 -0.16500000 -0.09852305
0.28333300 -0.17250000 -0.09905591
0.28333300 -0.18000000 -0.09984377
0.26666700 -0.13500000 -0.09953827
0.27500000 -0.13500000 -0.09886972
0.28333300 -0.13500000 -0.09786686
0.28333300 -0.14250000 -0.09810332
0.28333300 -0.15000000 -0.09816097
0.26666700 -0.10500000 -0.09758663
0.27500000 -0.10500000 -0.09653635
0.28333300 -0.10500000 -0.09512624
0.28333300 -0.11250000 -0.09592236
0.28333300 -0.12000000 -0.09654912
0.26666700 -0.07500000 -0.09591100
0.27500000 -0.07500000 -0.09468137
0.28333300 -0.07500000 -0.09310892
0.28333300 -0.08250000 -0.09374548
0.28333300 -0.09000000 -0.09407093
0.26666700 -0.04500000 -0.09478841
0.27500000 -0.04500000 -0.09352664
0.28333300 -0.04500000 -0.09188660
0.28333300 -0.05250000 -0.09250854
0.28333300 -0.06000000 -0.09256404
0.26666700 -0.01500000 -0.09552509
0.27500000 -0.01500000 -0.09422304
0.28333300 -0.01500000 -0.09248500
0.28333300 -0.02250000 -0.09288959
0.28333300 -0.03000000 -0.09216147
0.26666700 0.01500000 -0.09659341
0.27500000 0.01500000 -0.09511929
0.28333300 0.01500000 -0.09309400
0.28333300 0.00750000 -0.09325866
0.28333300 0.00000000 -0.09322579
0.26666700 0.04500000 -0.09764653
0.27500000 0.04500000 -0.09629972
0.28333300 0.04500000 -0.09456768
0.28333300 0.03750000 -0.09441070
0.28333300 0.03000000 -0.09399579
0.26666700 0.07500000 -0.09805787
0.27500000 0.07500000 -0.09694552
0.28333300 0.07500000 -0.09550441
0.28333300 0.06750000 -0.09549004
0.28333300 0.06000000 -0.09527120
0.26666700 0.10500000 -0.09821015
0.27500000 0.10500000 -0.09713097
0.28333300 0.10500000 -0.09578003
0.28333300 0.09750000 -0.09583251
0.28333300 0.09000000 -0.09573556
0.26666700 0.13500000 -0.09859198
0.27500000 0.13500000 -0.09758722
0.28333300 0.13500000 -0.09633982
0.28333300 0.12750000 -0.09624611
0.28333300 0.12000000 -0.09605358
0.26666700 0.16500000 -0.10001837
0.27500000 0.16500000 -0.09922414
0.28333300 0.16500000 -0.09808393
0.28333300 0.15750000 -0.09750608
0.28333300 0.15000000 -0.09697714
0.28333300 0.18750000 -0.10271514
0.28333300 0.18000000 -0.10049964
0.30000000 0.22500000 -0.10071160
-0.01666670 -0.18750000 -0.10182678
-0.01666670 -0.15750000 -0.10055991
-0.00833333 -0.16500000 -0.10040441
-0.01666670 -0.12750000 -0.10033742
-0.00833333 -0.13500000 -0.10016615
-0.01666670 -0.09750000 -0.10046977
-0.00833333 -0.10500000 -0.10013821
-0.01666670 -0.06750000 -0.09984184
-0.00833333 -0.07500000 -0.10014513
-0.01666670 -0.03750000 -0.09937123
-0.00833333 -0.04500000 -0.09948536
-0.01666670 -0.00750000 -0.09991242
-0.00833333 -0.01500000 -0.09960543
-0.01666670 0.02250000 -0.09932624
-0.00833333 0.01500000 -0.09956853
-0.01666670 0.05250000 -0.09972410
-0.00833333 0.04500000 -0.10027893
-0.01666670 0.08250000 -0.09986982
-0.00833333 0.07500000 -0.09999647
-0.01666670 0.11250000 -0.09887739
-0.00833333 0.10500000 -0.10002850
-0.01666670 0.14250000 -0.09928938
-0.00833333 0.13500000 -0.09968973
-0.01666670 0.17250000 -0.10035871
-0.00833333 0.16500000 -0.09907523
0.01666670 -0.18750000 -0.10196211
0.01666670 -0.15750000 -0.09994964
0.02500000 -0.16500000 -0.09995300
0.01666670 -0.12750000 -0.09997522
0.02500000 -0.13500000 -0.09987448
0.01666670 -0.09750000 -0.10021619
0.02500000 -0.10500000 -0.10027375
0.01666670 -0.06750000 -0.09959858
0.02500000 -0.07500000 -0.10028933
0.01666670 -0.03750000 -0.09944434
0.02500000 -0.04500000 -0.10000849
0.01666670 -0.00750000 -0.09966095
0.02500000 -0.01500000 -0.09947670
0.01666670 0.02250000 -0.10001750
0.02500000 0.01500000 -0.10007193
0.01666670 0.05250000 -0.09999825
0.02500000 0.04500000 -0.09999959
0.01666670 0.08250000 -0.09999969
0.02500000 0.07500000 -0.10000011
0.01666670 0.11250000 -0.09999860
0.02500000 0.10500000 -0.10000104
0.01666670 0.14250000 -0.10000743
0.02500000 0.13500000 -0.09999746
0.01666670 0.17250000 -0.09938254
0.02500000 0.16500000 -0.09954130
0.05000000 -0.18750000 -0.10176742
0.05000000 -0.15750000 -0.09964246
0.05833330 -0.16500000 -0.09977075
0.05000000 -0.12750000 -0.10025617
0.05833330 -0.13500000 -0.10024687
0.05000000 -0.09750000 -0.10122236
0.05833330 -0.10500000 -0.10091288
0.05000000 -0.06750000 -0.10051383
0.05833330 -0.07500000 -0.10042765
0.05000000 -0.03750000 -0.09998548
0.05833330 -0.04500000 -0.09996041
0.05000000 -0.00750000 -0.09980960
0.05833330 -0.01500000 -0.09998515
0.05000000 0.02250000 -0.10000063
0.05833330 0.01500000 -0.10000431
0.05000000 0.05250000 -0.10000163
0.05833330 0.04500000 -0.09999535
0.05000000 0.08250000 -0.10000608
0.05833330 0.07500000 -0.09998246
0.05000000 0.11250000 -0.10000331
0.05833330 0.10500000 -0.09998385
0.05000000 0.14250000 -0.10000578
0.05833330 0.13500000 -0.09999973
0.05000000 0.17250000 -0.09944669
0.05833330 0.16500000 -0.09946675
0.08333330 -0.18750000 -0.10330517
0.08333330 -0.15750000 -0.10180106
0.09166670 -0.16500000 -0.10226226
0.08333330 -0.12750000 -0.10117254
0.09166670 -0.13500000 -0.10093582
0.08333330 -0.09750000 -0.09999473
0.09166670 -0.10500000 -0.09991943
0.08333330 -0.06750000 -0.09921525
0.09166670 -0.07500000 -0.09906839
0.08333330 -0.03750000 -0.09996128
0.09166670 -0.04500000 -0.10010951
0.08333330 -0.00750000 -0.09999952
0.09166670 -0.01500000 -0.09999988
0.08333330 0.02250000 -0.10002500
0.09166670 0.01500000 -0.10000677
0.08333330 0.05250000 -0.09903205
0.09166670 0.04500000 -0.10097470
0.08333330 0.08250000 -0.10101180
0.09166670 0.07500000 -0.10232497
0.08333330 0.11250000 -0.10066156
0.09166670 0.10500000 -0.10229063
0.08333330 0.14250000 -0.09990823
0.09166670 0.13500000 -0.10044543
0.08333330 0.17250000 -0.10005500
0.09166670 0.16500000 -0.09987233
0.11666700 -0.18750000 -0.10477311
0.11666700 -0.15750000 -0.10013235
0.12500000 -0.16500000 -0.10057757
0.11666700 -0.12750000 -0.09908566
0.12500000 -0.13500000 -0.09874679
0.11666700 -0.09750000 -0.09927985
0.12500000 -0.10500000 -0.09936826
0.11666700 -0.06750000 -0.09759740
0.12500000 -0.07500000 -0.09776900
0.11666700 -0.03750000 -0.10008625
0.12500000 -0.04500000 -0.10043385
0.11666700 -0.00750000 -0.09998609
0.12500000 -0.01500000 -0.10000150
0.11666700 0.02250000 -0.10062960
0.12500000 0.01500000 -0.10065688
0.11666700 0.05250000 -0.09920907
0.12500000 0.04500000 -0.09975297
0.11666700 0.08250000 -0.09935201
0.12500000 0.07500000 -0.09879684
0.11666700 0.11250000 -0.10074986
0.12500000 0.10500000 -0.09964368
0.11666700 0.14250000 -0.10088298
0.12500000 0.13500000 -0.10018866
0.11666700 0.17250000 -0.10111557
0.12500000 0.16500000 -0.10066709
0.15000000 -0.18750000 -0.10476752
0.15000000 -0.15750000 -0.09870831
0.15833300 -0.16500000 -0.09927098
0.15000000 -0.12750000 -0.09865909
0.15833300 -0.13500000 -0.09848534
0.15000000 -0.09750000 -0.09935350
0.15833300 -0.10500000 -0.09932489
0.15000000 -0.06750000 -0.09740900
0.15833300 -0.07500000 -0.09871718
0.15000000 -0.03750000 -0.09994324
0.15833300 -0.04500000 -0.09996291
0.15000000 -0.00750000 -0.09947547
0.15833300 -0.01500000 -0.09995484
0.15000000 0.02250000 -0.09926923
0.15833300 0.01500000 -0.09908144
0.15000000 0.05250000 -0.10002124
0.15833300 0.04500000 -0.09991767
0.15000000 0.08250000 -0.09986553
0.15833300 0.07500000 -0.10009763
0.15000000 0.11250000 -0.10015492
0.15833300 0.10500000 -0.10073985
0.15000000 0.14250000 -0.09913233
0.15833300 0.13500000 -0.09938247
0.15000000 0.17250000 -0.10064933
0.15833300 0.16500000 -0.10044896
0.18333300 -0.18750000 -0.10294126
0.18333300 -0.15750000 -0.09811148
0.19166700 -0.16500000 -0.09838536
0.18333300 -0.12750000 -0.09911219
0.19166700 -0.13500000 -0.09918240
0.18333300 -0.09750000 -0.09958256
0.19166700 -0.10500000 -0.09949706
0.18333300 -0.06750000 -0.10169645
0.19166700 -0.07500000 -0.10027197
0.18333300 -0.03750000 -0.09849496
0.19166700 -0.04500000 -0.10423412
0.18333300 -0.00750000 -0.09978288
0.19166700 -0.01500000 -0.10153572
0.18333300 0.02250000 -0.10133770
0.19166700 0.01500000 -0.10197194
0.18333300 0.05250000 -0.10173200
0.19166700 0.04500000 -0.10191638
0.18333300 0.08250000 -0.10117918
0.19166700 0.07500000 -0.10148096
0.18333300 0.11250000 -0.10109681
0.19166700 0.10500000 -0.10093421
0.18333300 0.14250000 -0.10028107
0.19166700 0.13500000 -0.10057047
0.18333300 0.17250000 -0.10133236
0.19166700 0.16500000 -0.10092186
0.21666700 -0.18750000 -0.10154534
0.21666700 -0.15750000 -0.09888063
0.22500000 -0.16500000 -0.09908472
0.21666700 -0.12750000 -0.09993548
0.22500000 -0.13500000 -0.09986036
0.21666700 -0.09750000 -0.09979846
0.22500000 -0.10500000 -0.09984527
0.21666700 -0.06750000 -0.10004894
0.22500000 -0.07500000 -0.09971229
0.21666700 -0.03750000 -0.10120940
0.22500000 -0.04500000 -0.10016345
0.21666700 -0.00750000 -0.10048022
0.22500000 -0.01500000 -0.10002416
0.21666700 0.02250000 -0.10000258
0.22500000 0.01500000 -0.09971034
0.21666700 0.05250000 -0.10024568
0.22500000 0.04500000 -0.09999502
0.21666700 0.08250000 -0.10045843
0.22500000 0.07500000 -0.10022188
0.21666700 0.11250000 -0.10030520
0.22500000 0.10500000 -0.10028244
0.21666700 0.14250000 -0.10046346
0.22500000 0.13500000 -0.10029891
0.21666700 0.17250000 -0.10156789
0.22500000 0.16500000 -0.10109507
0.25000000 -0.18750000 -0.10245521
0.25000000 -0.15750000 -0.09949748
0.25833300 -0.16500000 -0.09953264
0.25000000 -0.12750000 -0.10006231
0.25833300 -0.13500000 -0.09986567
0.25000000 -0.09750000 -0.09873732
0.25833300 -0.10500000 -0.09841328
0.25000000 -0.06750000 -0.09767306
0.25833300 -0.07500000 -0.09688896
0.25000000 -0.03750000 -0.09775000
0.25833300 -0.04500000 -0.09611787
0.25000000 -0.00750000 -0.09829458
0.25833300 -0.01500000 -0.09677442
0.25000000 0.02250000 -0.09881019
0.25833300 0.01500000 -0.09778263
0.25000000 0.05250000 -0.09943858
0.25833300 0.04500000 -0.09862426
0.25000000 0.08250000 -0.09946291
0.25833300 0.07500000 -0.09885752
0.25000000 0.11250000 -0.09959188
0.25833300 0.10500000 -0.09893785
0.25000000 0.14250000 -0.09981728
0.25833300 0.13500000 -0.09923129
0.25000000 0.17250000 -0.10145084
0.25833300 0.16500000 -0.10046350
0.28333300 -0.18750000 -0.10168359
0.28333300 -0.15750000 -0.09837900
0.30000000 -0.16500000 -0.09910019
0.29166700 -0.16500000 -0.09887874
0.28333300 -0.12750000 -0.09735912
0.30000000 -0.13500000 -0.09729335
0.29166700 -0.13500000 -0.09764849
0.28333300 -0.09750000 -0.09459110
0.30000000 -0.10500000 -0.09420469
0.29166700 -0.10500000 -0.09477345
0.28333300 -0.06750000 -0.09284604
0.30000000 -0.07500000 -0.09291633
0.29166700 -0.07500000 -0.09302264
0.28333300 -0.03750000 -0.09202231
0.30000000 -0.04500000 -0.09444180
0.29166700 -0.04500000 -0.09282239
0.28333300 -0.00750000 -0.09289056
0.30000000 -0.01500000 -0.10355692
0.29166700 -0.01500000 -0.09513917
0.28333300 0.02250000 -0.09359003
0.30000000 0.01500000 -0.09358998
0.29166700 0.01500000 -0.09311167
0.28333300 0.05250000 -0.09500429
0.30000000 0.04500000 -0.09325624
0.29166700 0.04500000 -0.09396798
0.28333300 0.08250000 -0.09566715
0.30000000 0.07500000 -0.09382291
0.29166700 0.07500000 -0.09483386
0.28333300 0.11250000 -0.09593379
0.30000000 0.10500000 -0.09421422
0.29166700 0.10500000 -0.09517358
0.28333300 0.14250000 -0.09665294
0.30000000 0.13500000 -0.09492908
0.29166700 0.13500000 -0.09578400
0.28333300 0.17250000 -0.09915354
0.30000000 0.16500000 -0.09697605
0.29166700 0.16500000 -0.09762324
