2686
(
0.000000000
0.000000000
0.000000000
0.000000000
0.000000000
0.000000000
0.000000000
0.000000000
0.000000000
0.000000000
0.000000000
0.000000000
0.000000000
0.000000000
0.000000000
0.000000000
-0.000000010
0.000000000
0.000000000
0.000000000
0.000000000
0.000000000
0.000000000
0.000000000
0.000000000
0.000000000
0.000000000
0.000000000
0.000000000
0.000000000
0.000000000
0.000000000
0.000000000
0.000000000
0.000000000
0.000000000
0.000000000
0.000000000
0.000000000
0.000000000
0.000000000
0.000000010
0.000000000
0.000000000
0.000000000
0.000000000
0.000000000
0.000000000
0.000000000
0.000000000
0.000000000
0.000000000
0.000000000
0.000000000
0.000000000
0.000000000
0.000000000
0.000000000
0.000000000
0.000000000
0.000000000
0.000000000
0.000000000
0.000000000
0.000000000
0.000000000
0.000000000
0.000000000
0.000000000
0.000000000
0.000000000
0.000000000
0.000000000
0.000000000
0.000000000
0.000000000
0.000000000
0.000000000
0.000000000
0.000000000
0.000000000
0.000000000
0.000000000
0.000000000
0.000000000
0.000000000
0.000000000
0.000000000
0.000000000
0.000000000
0.000000000
0.000000000
0.000000000
0.000000000
0.000000000
0.000000000
0.000000000
0.000000000
0.000000000
0.000000000
0.000000000
0.000000000
0.000000000
0.000000000
0.000000000
0.000000010
0.000000000
0.000000000
0.000000000
0.000000000
0.000000000
0.000000000
0.000000000
0.000000000
0.000000000
0.000000000
0.000000000
0.000000000
0.000000000
0.000000000
0.000000000
0.000000000
0.000000000
0.000000000
0.000000000
0.000000000
-0.000000010
-0.000000010
-0.000000010
-0.000000020
-0.000000010
0.000000000
0.000000000
0.000000000
0.000000000
0.000000000
0.000000000
0.000000000
0.000000000
0.000000000
0.000000000
0.000000000
0.000000000
0.000000000
0.000000000
0.000000000
0.000000000
0.000000030
0.000000000
0.000000050
0.000000050
0.000000040
0.000000010
-0.000000010
-0.000000010
0.000000000
0.000000000
0.000000000
0.000000000
0.000000000
0.000000000
0.000000000
0.000000000
0.000000000
0.000000000
0.000000000
0.000000000
0.000000000
-0.000000050
0.000000020
-0.000000160
-0.000000190
-0.000000180
-0.000000100
0.000000020
0.000000030
0.000000000
0.000000000
0.000000020
0.000000010
0.000000010
0.000000020
0.000000010
0.000000000
0.000000000
0.000000000
0.000000000
0.000000000
0.000000000
0.000000010
-0.000000070
0.000000430
0.000000690
0.000000700
0.000000610
0.000000130
-0.000000170
-0.000000020
-0.000000010
-0.000000030
-0.000000080
-0.000000010
-0.000000080
-0.000000060
0.000000010
0.000000010
0.000000000
0.000000000
0.000000000
0.000000000
0.000000250
-0.000000150
-0.000000650
-0.000002390
-0.000002540
-0.000002570
-0.000001620
0.000000450
0.000000420
-0.000000130
0.000000220
0.000000360
0.000000050
0.000000170
0.000000330
0.000000080
-0.000000070
0.000000000
0.000000010
0.000000000
0.000000000
0.000000030
0.000000390
-0.000000680
0.000006300
0.000010110
0.000008720
0.000009580
0.000001500
-0.000003020
0.000000360
-0.000000230
-0.000001440
-0.000000560
-0.000000140
-0.000001180
-0.000000930
0.000000220
0.000000100
-0.000000030
0.000000010
0.000000000
-0.000001400
0.000000560
0.000001390
-0.000003230
-0.000040970
-0.000029790
-0.000037060
-0.000026430
0.000012010
0.000003330
-0.000002530
0.000004870
0.000003970
0.000000540
0.000001830
0.000005830
0.000000300
-0.000000800
0.000000100
-0.000000010
0.000000000
-0.000001020
0.000001080
0.000007030
0.000120850
-0.000010180
0.000618830
0.000000710
0.000702780
-0.000063370
0.000754040
-0.000087880
0.000574660
-0.000067790
0.000143920
-0.000085280
0.000111070
-0.000073920
0.000073090
-0.000035900
-0.000028380
-0.000003680
-0.000041540
-0.000016100
-0.000027410
0.000007470
-0.000027890
-0.000000370
-0.000069170
-0.000002440
-0.000022180
0.000001870
0.000000780
0.000004740
0.000000010
0.000000170
-0.000000030
0.000000010
-0.000002790
0.000000630
0.000003870
0.000031100
-0.000084510
-0.000984100
0.000122490
-0.001136440
-0.002654210
-0.001105860
-0.003093450
-0.001124670
-0.003494130
-0.000181820
-0.003008300
0.000310720
-0.001065520
0.000080300
-0.001121540
0.000493930
-0.000527530
0.000239340
-0.000486270
0.000015190
0.000082810
0.000079460
0.000112940
0.000146950
-0.000002730
0.000099920
0.000295630
-0.000013780
0.000080770
-0.000000760
0.000002420
-0.000000020
-0.000000030
0.000000090
0.000000020
-0.000004890
0.000002000
0.000004380
0.000031200
-0.000056930
-0.000114180
0.000457780
-0.002255950
-0.001489280
-0.002095430
0.000460110
-0.002230900
-0.001637380
-0.000938970
-0.001234550
-0.002372750
-0.001921150
-0.000928900
-0.001076780
-0.002357630
-0.001990120
-0.000902360
-0.000944930
-0.002242800
-0.002062570
-0.000879600
-0.000986870
-0.001150040
-0.001361610
-0.000239530
-0.000145200
-0.001081220
-0.001400920
-0.000437120
0.000003900
-0.000926570
-0.000982950
-0.000057510
0.000067430
-0.000697730
-0.000873570
0.000116820
0.000336830
-0.000445490
-0.000179580
0.000357660
0.000205520
-0.000429430
-0.000397590
-0.000035340
0.000160440
-0.000790900
-0.001290720
-0.000278500
0.000377470
-0.001019020
-0.001253660
-0.000842130
-0.000259100
-0.000076160
0.000013110
-0.000263650
-0.001093710
0.000004040
-0.000001450
0.000002520
-0.000026040
0.000000240
-0.000001170
-0.000000140
-0.000000060
-0.000005620
0.000002750
0.000018820
0.000042180
-0.000129270
-0.000156190
0.000456580
-0.002048630
-0.001501250
-0.002249060
0.000551860
-0.000935490
-0.000447950
-0.000389820
-0.000866920
-0.000146880
-0.000079070
0.000026140
-0.000028660
-0.000045920
-0.000024210
-0.000031840
-0.000026090
-0.000250080
-0.000211730
-0.000156010
-0.000219560
0.000500330
0.000473950
0.000564900
0.000381020
0.000336700
0.000438210
0.000311580
0.000381280
0.000490180
0.000365210
0.000294260
0.000288850
-0.000252200
-0.000044740
0.000033220
0.000039820
0.000027540
-0.000002020
-0.000000790
-0.000003890
0.000038560
0.000029590
-0.000008610
-0.000011420
0.000017230
0.000000830
-0.000004190
-0.000000520
-0.000148380
-0.000566340
-0.000043370
0.000063340
0.000143030
-0.000729180
-0.000865140
0.000127470
-0.000025260
0.000007050
0.000008770
-0.000016600
0.000000300
-0.000001980
-0.000001160
-0.000000110
-0.000004980
0.000006920
0.000000030
0.000102410
-0.000012930
-0.000185330
0.000349880
-0.002174340
-0.001554620
-0.002276240
0.000622170
-0.000718110
-0.000169290
-0.000042050
-0.000664940
0.000171510
0.000147640
0.000149600
0.000233930
-0.000129650
-0.000289750
-0.000493930
-0.000289210
-0.000932690
-0.000824930
-0.001003740
-0.001077870
0.000540900
-0.000085960
0.000062650
0.000277910
0.000017940
-0.000146960
0.000010080
-0.000004260
0.000326110
-0.000102520
-0.000054260
0.000135450
0.000001800
-0.000000500
0.000000150
0.000000470
-0.000000470
-0.000000340
0.000002470
0.000000770
-0.000000830
-0.000000410
0.000003640
0.000001710
0.000000150
-0.000000640
-0.000000850
0.000000480
0.000054070
-0.000076530
-0.000194260
0.000026130
0.000054120
-0.000865750
-0.001052030
-0.000017100
-0.000027230
0.000003770
0.000005350
0.000002320
0.000000710
0.000000520
-0.000000620
-0.000000350
-0.000025430
0.000016510
0.000000060
0.000225850
-0.000222420
-0.000401690
0.000403360
-0.002671710
-0.002230970
-0.003378930
0.000108640
-0.000825940
-0.000341160
-0.000797160
-0.001397730
-0.000280640
-0.000419680
-0.001001110
-0.000946470
-0.000828030
-0.000711100
-0.000731680
-0.000916820
-0.000501880
-0.000284560
0.000060520
-0.000118650
0.001135710
0.000625420
0.001254580
0.000628970
-0.000016870
0.000001810
0.000005080
-0.000013520
0.000005710
0.000001200
-0.000000300
-0.000001060
-0.000000990
0.000002680
0.000020560
-0.000018350
-0.000088390
0.000001590
0.000186150
0.000355730
-0.000160300
-0.000086830
0.000586700
0.000195660
-0.000037920
0.000009260
-0.000010840
0.000016190
0.000044240
-0.000111280
-0.000015170
-0.000003550
0.000059890
-0.000885760
-0.001270720
-0.000174930
-0.000029990
0.000010410
-0.000017500
-0.000085130
-0.000002800
0.000028030
-0.000001900
0.000000190
-0.000035630
0.000016100
0.000075710
-0.000016910
-0.000915980
-0.000887380
0.000093770
-0.004186980
-0.003855130
-0.004910270
-0.000049710
-0.003235550
-0.002402340
-0.002051790
-0.003208730
-0.000887420
-0.000478850
0.000186750
-0.000203600
0.000019950
0.000182480
0.000424190
0.000439150
0.000554450
0.000816490
0.001083400
0.000743170
0.001685350
0.001124620
0.001863480
0.001613990
0.000028150
-0.000004530
-0.000010270
0.000025780
0.000000630
-0.000007210
0.000052480
0.000002100
-0.000286720
-0.000325030
-0.000500510
-0.000459530
-0.000999100
-0.001234650
-0.000047410
0.000021000
-0.001196840
-0.001496280
-0.000520340
-0.000318570
-0.000845210
-0.000789700
-0.000917630
-0.001259430
0.000281090
0.000294770
-0.000319490
-0.000226150
-0.001238930
-0.002831950
-0.003292470
-0.001762950
0.000225360
-0.000007290
-0.000206690
0.000853120
-0.000007980
0.000061310
0.000010510
0.000003410
-0.000026210
0.000010580
0.000245960
-0.000534950
-0.001381090
-0.001446330
-0.000354780
-0.005168970
-0.004549860
-0.005420000
-0.000666050
-0.002960970
-0.001488830
-0.001260140
-0.002903370
0.001056160
0.001211380
0.001222700
0.001199550
0.000828140
0.000674290
0.000683460
0.000936880
0.000907050
0.001395990
0.001436690
0.000858990
0.001954830
0.001040560
0.001093250
0.001483150
0.000007810
-0.000003050
-0.000000790
0.000003060
-0.000309240
-0.000319710
0.000099780
0.000060660
0.000005410
0.000166560
0.000343960
0.000369230
0.000481270
0.000607820
0.000191900
0.000150590
0.000407500
0.000338880
0.000094490
0.000212560
0.000240180
0.000393800
0.000523010
0.000314440
0.000325630
0.000092390
0.000314820
0.000631020
-0.000966780
-0.002418650
-0.002616020
-0.001139260
0.000501170
-0.000018670
-0.000281100
0.000935580
-0.000000330
0.000070470
0.000010830
0.000000950
-0.000017280
0.000007340
0.000355320
-0.000784600
-0.001639980
-0.001443390
-0.000381890
-0.005005870
-0.003982070
-0.003984820
-0.000149460
-0.002071280
-0.000355910
0.000179040
-0.001570200
0.001614850
0.001473840
0.001326160
0.001610510
0.000838940
0.000681120
0.000572720
0.000757640
0.000284460
0.000245490
0.000043310
0.000251540
0.001581040
0.000791470
0.001161550
-0.000191990
0.000008580
0.000033920
-0.000173640
-0.000221250
-0.000018460
-0.000441740
0.000319320
0.000206190
0.000003860
-0.000073900
-0.000631230
-0.000513060
-0.000347620
-0.000381280
-0.000836710
-0.000902410
-0.000371580
-0.000654390
-0.000838330
-0.000712380
-0.000177060
0.000069220
-0.000278290
-0.000547450
0.000064100
-0.000195090
-0.000296580
-0.000070320
-0.001825200
-0.003550040
-0.003797410
-0.002113440
0.000786690
-0.000098570
-0.000181750
0.000752730
-0.000032940
0.000196630
-0.000011910
0.000007520
-0.000013590
0.000007090
0.000335130
-0.000703690
-0.001215780
-0.001026270
0.000255690
-0.003201200
-0.002485370
-0.002581610
0.000296220
-0.000182120
0.000831300
0.000836540
-0.000140740
0.001042570
0.000765090
0.000582020
0.000909330
0.000304210
0.000355540
0.000197770
0.000175920
0.000202800
0.000182130
0.000151330
0.000191180
-0.001512270
-0.002484150
-0.001301410
-0.000764830
-0.003348500
-0.002800250
-0.001800200
-0.002206450
-0.001789270
-0.001681320
-0.000801600
-0.001034280
-0.001404950
-0.001370300
-0.000592290
-0.000616150
-0.001045430
-0.001044520
-0.000553560
-0.000591230
-0.000694680
-0.000629380
-0.000419880
-0.000536930
-0.000383750
-0.000430770
-0.000337800
-0.000317700
-0.000415320
-0.000608040
-0.000608650
-0.000464780
-0.002335810
-0.004184260
-0.004383850
-0.002559170
0.000043730
-0.000661860
-0.000874080
-0.000478990
-0.000033600
-0.000496050
0.000152280
0.000020470
-0.000017600
0.000012490
0.000269960
-0.000469430
-0.000706080
-0.000846280
0.000716160
-0.002895300
-0.002620510
-0.003274600
0.000347870
-0.000625710
0.000149910
-0.000063380
-0.000925390
0.000432530
0.000253610
0.000113750
0.000369900
-0.000130800
0.000077130
0.000205650
0.000000240
0.000430820
0.000584760
0.001011210
0.000892900
0.000492590
0.000465990
0.001172500
0.001272770
0.000302110
0.000286080
0.001072620
0.001012770
0.000347690
0.000371640
0.000746800
0.000802200
0.000308340
0.000181360
0.000349270
0.000523800
0.000064350
-0.000015310
0.000149130
0.000192870
0.000005520
-0.000057120
0.000163100
0.000201740
-0.000049870
-0.000093800
0.000066510
0.000089020
-0.000326840
-0.000616680
-0.000470710
-0.000217370
-0.002541680
-0.004363240
-0.004521360
-0.002712610
-0.000539210
-0.001539380
-0.001724930
-0.000961450
0.000034170
-0.001118650
0.000414530
0.000002760
-0.000027030
0.000007270
0.000211860
-0.000251160
-0.000731670
-0.000903790
0.000403980
-0.003474160
-0.002430900
-0.002739010
-0.000057140
-0.000881250
0.000036660
0.000384150
-0.000623520
0.000605120
0.000545170
0.001043940
0.001082550
0.001189130
0.001811330
0.002753650
0.002159480
0.003083040
0.003568740
0.004704730
0.004367920
0.004321330
0.004686760
0.005850190
0.005711990
0.004660070
0.004385170
0.005532130
0.006064100
0.003450310
0.003277940
0.004664820
0.004825450
0.002747010
0.002504570
0.003801060
0.004175920
0.002116890
0.002001070
0.003037170
0.003246730
0.001893400
0.001837970
0.002817330
0.002918000
0.001664660
0.001547850
0.002507290
0.002669350
0.001000760
0.000565480
0.001387840
0.001853030
-0.002013850
-0.004025940
-0.003653540
-0.001565370
-0.000702570
-0.001625270
-0.001569130
-0.000743140
0.000081650
-0.000999830
0.000041020
-0.000038190
-0.001974610
-0.002918930
-0.001975590
-0.002025440
-0.001001490
-0.001714190
-0.001481870
-0.002870900
-0.000134450
-0.000354570
-0.000289730
-0.000562150
-0.001336520
-0.002774250
-0.000018100
-0.000146570
-0.000076080
-0.000243030
-0.001278020
-0.002570960
-0.000124730
-0.000362040
-0.000446140
-0.000063830
-0.000574740
-0.001381720
0.000176920
0.000300720
0.000549730
-0.000486500
-0.000131160
-0.001137430
0.000415680
0.000671830
0.000721020
0.000446140
-0.000629080
-0.001455920
0.000296580
0.000299130
0.000495030
0.000690300
0.000016930
-0.001019720
0.000099440
0.000554680
0.000688330
0.000381870
0.000134250
-0.000359360
0.000030760
-0.000147330
-0.000035850
0.000394690
0.000224220
-0.000158710
0.000012690
-0.000089870
-0.000028440
-0.000027890
0.000503380
-0.000280100
0.000094050
-0.000420280
-0.000180370
-0.000228050
-0.000082470
-0.000274760
-0.000168020
0.000827190
0.000777510
0.000217570
-0.001211420
-0.000586100
0.000705440
0.000303850
-0.000215090
0.001138370
0.000332800
-0.000021530
0.000030530
0.000214670
0.000023460
-0.000856930
-0.002043470
-0.001836480
-0.001992140
-0.000858550
-0.001545510
-0.000020270
0.000248120
0.000138150
0.000113740
-0.000261860
0.000030210
0.000039180
0.000030080
-0.000090340
0.000116230
-0.000113550
-0.000728050
-0.000472790
-0.000703430
-0.000175430
0.000408020
0.000098610
0.000345460
0.000643030
-0.000758410
0.000482340
0.000028240
-0.000195070
-0.000200530
-0.000327620
0.000283810
0.000177090
0.000348660
0.000328610
0.000368520
-0.000085820
0.000000000
-0.000011840
0.000000850
0.000124420
-0.000006510
-0.000000180
-0.000000100
-0.000000180
0.000000310
-0.000005810
-0.000000460
-0.000000330
-0.000000400
-0.000000060
-0.000013290
-0.000000200
-0.000001070
-0.000000080
-0.000000830
0.000020970
-0.000007480
-0.000012010
0.000029380
-0.000001020
0.000750770
0.000524930
0.000511230
0.000021360
-0.000181640
-0.000028980
0.000071210
-0.000118060
0.000117000
-0.000818050
-0.001818900
-0.002034500
-0.001874950
-0.000637810
-0.001832880
0.000350480
-0.000155920
0.000213050
0.000082200
0.000007780
-0.000047550
-0.000754770
-0.000495010
-0.000724160
-0.000023240
-0.001048010
-0.000523640
-0.000965720
-0.000859890
-0.000807280
-0.000127640
0.000337000
-0.000187250
-0.000273340
-0.000680070
-0.000003550
0.000031240
0.000029080
-0.000002600
0.000104040
0.000230340
0.000004360
-0.000021340
-0.000022100
0.000005640
-0.000003930
0.000000840
0.000000060
-0.000000800
0.000012070
0.000001370
-0.000000530
0.000014500
0.000013740
0.000003980
0.000003670
-0.000076720
0.000044870
0.000020780
0.000025720
0.000002000
-0.000040140
0.000025050
0.000003670
0.000045690
-0.000016220
-0.000000640
-0.000016900
0.000030830
0.000001810
0.000533110
0.000456860
0.000499710
0.000086220
-0.000202640
-0.000537340
0.000210980
-0.000358110
0.000200920
-0.000582980
-0.002461970
-0.004446330
-0.004299660
-0.003228540
-0.003575940
-0.000731980
-0.001260880
-0.001956680
-0.001622250
-0.002711250
-0.001041810
0.000039850
-0.000754490
-0.000514010
-0.001304830
-0.000224320
0.000528370
0.000267020
0.000427330
-0.000233900
0.000532710
0.001432240
0.001078570
0.000747860
0.000677640
0.000078200
-0.000071210
-0.000010100
-0.000000990
0.000240230
-0.000000890
0.000000130
-0.000000170
-0.000001420
-0.000001830
-0.000001100
0.000007860
0.000049150
-0.000109930
0.000005350
0.000110270
-0.000674760
-0.001781210
-0.002153400
-0.000637650
0.000552130
-0.001205460
-0.002153110
-0.002160380
-0.002696660
0.000298350
-0.001703950
-0.001685890
-0.001051970
-0.002404630
-0.000034490
0.000083800
-0.000021460
0.000071550
-0.000971770
0.000336530
-0.000309130
-0.000186490
-0.001185630
0.000179510
-0.001434580
0.000430520
-0.002880620
0.000856320
-0.002510980
-0.004699320
-0.004727640
-0.004925250
-0.003182010
-0.004674630
-0.000656610
0.000769000
0.000386670
0.000843310
-0.001787010
0.000598380
0.001212390
0.001074290
0.000797120
0.001175460
0.000679010
0.000686570
0.000721610
0.000972900
0.000669160
0.001805600
0.002615120
0.002672540
0.001940020
0.001435280
-0.000152120
-0.000035420
-0.000013540
-0.000005270
0.001119160
-0.000003200
-0.000009340
-0.000000120
0.000056320
-0.000004440
-0.000122390
-0.000050770
-0.000575380
-0.000396180
-0.000714150
0.000044610
0.000484990
0.000916160
0.001012630
-0.000067790
-0.000268660
0.000735480
0.001047180
0.000737960
0.001241220
-0.001452890
0.000276080
0.000004120
-0.000201860
0.000628800
-0.000137600
0.000657450
-0.000349660
-0.000541360
-0.000344530
-0.000860790
-0.000382780
-0.000783270
-0.001438350
-0.000543020
-0.003672460
-0.001754560
-0.002979420
-0.002177610
-0.002661060
-0.004834920
-0.004134740
-0.004689190
-0.002567140
-0.004787320
0.001108610
0.001818000
0.001547760
0.001540880
-0.000789350
0.001322240
0.001201800
0.001288300
0.000991570
0.001553530
0.000642730
0.000432880
0.000528510
0.000443500
0.000839550
0.002726550
0.001197180
0.002218960
0.001318600
0.000410800
-0.000003090
0.000042460
0.000078060
-0.000015450
0.000511760
-0.000089820
0.000062620
-0.000165930
0.000553710
-0.000008490
0.000338950
0.000426960
0.000783250
0.000437090
0.000991520
0.000276350
-0.000286040
-0.000221320
-0.000366790
0.000311610
0.000515650
-0.000159910
-0.000103580
-0.000351250
-0.000330530
0.000221290
-0.000631970
-0.000609910
-0.000264580
-0.000590180
0.001152130
0.000452350
0.000536620
0.000162470
0.000132690
-0.000262480
-0.001037790
-0.000967180
-0.001849360
-0.000125970
-0.003790520
-0.002223280
-0.004311870
-0.002829410
-0.003369510
-0.003739760
-0.002057340
-0.002471640
-0.000433920
-0.002954480
0.002088920
0.001337990
0.001613560
0.001245780
0.000931610
0.001102610
0.000423730
0.000641960
0.000506280
0.000978230
0.000404480
0.000376470
0.000397620
0.000256330
0.000504440
-0.000453020
-0.000539780
-0.001428730
-0.003181560
0.000196410
0.000195670
-0.003253940
-0.002968270
-0.002919910
-0.004531550
-0.000104240
-0.001672510
-0.001666970
-0.002014450
-0.002704070
0.000049540
-0.001231620
-0.001938410
-0.002077750
-0.002455690
-0.000706630
-0.001079690
-0.001863090
-0.001801870
-0.002209220
-0.000520210
-0.000819660
-0.001268890
-0.001165620
-0.001748120
-0.000768920
-0.000390390
-0.000869450
-0.000847050
-0.001132650
0.000202850
-0.000360090
-0.000464190
-0.000518700
-0.000722650
-0.001128560
-0.001447510
-0.001421200
-0.002462790
-0.000635880
-0.005050940
-0.003140900
-0.004792360
-0.003528060
-0.004188770
-0.001871080
-0.002197100
-0.001865240
-0.000252250
-0.002019760
0.001230660
0.000595490
0.000897190
0.000707810
0.000680250
0.000240490
-0.000193970
-0.000094250
-0.000114390
0.000489480
0.000335520
0.000471710
0.000223010
0.000188890
-0.000031740
-0.000011160
0.000762660
0.000148490
-0.000075340
0.000224630
-0.002384610
0.000447230
-0.000285130
-0.000545140
-0.000156980
-0.001183760
0.000661570
0.000056410
-0.000140530
-0.000460530
-0.000539420
0.000579130
0.000334680
0.000121370
0.000077250
-0.000536350
0.000124980
-0.000053020
-0.000150780
0.000040110
-0.000551500
0.000013760
-0.000295190
-0.000350860
-0.000209810
-0.000210220
-0.000050640
-0.000277840
-0.000306020
-0.000337420
-0.000348300
-0.000180700
-0.000393370
-0.000555250
-0.000303910
-0.001447920
-0.001606330
-0.001626130
-0.002713450
-0.000760610
-0.005256440
-0.003608940
-0.004975820
-0.004061210
-0.004468250
-0.002520050
-0.002581150
-0.002673860
-0.000927520
-0.002608450
0.000503340
0.000613590
0.000532420
0.000488750
0.000135960
-0.000208050
0.000719060
0.000241940
0.000669590
0.000332140
0.000803870
0.002844660
0.001957810
0.002286670
0.001140920
0.001442750
0.004347840
0.003310580
0.003396850
0.002724350
0.001191580
0.005170700
0.003636080
0.003292470
0.003729620
0.001155000
0.004076310
0.002741860
0.002248910
0.003192060
0.000847360
0.003171490
0.001947140
0.001654150
0.002177970
0.000272510
0.002263970
0.001231750
0.001175820
0.001458220
0.000255510
0.001954260
0.001102390
0.001093980
0.001130420
0.000130430
0.001770480
0.000959100
0.000900080
0.001085690
-0.000015450
0.001265920
0.000602990
0.000373370
0.000846920
-0.001528150
-0.000830330
-0.001203170
-0.002487380
0.000054820
-0.005192400
-0.004046800
-0.004956370
-0.004280420
-0.004390440
-0.002346550
-0.000732720
-0.002140800
-0.001922540
-0.000386350
0.000298430
-0.001936260
-0.002762650
0.001018030
0.001939470
0.001618090
0.001609090
0.001854350
0.000587080
0.000199930
0.001499690
0.004229660
0.003616360
0.003039370
0.003796560
0.001976550
0.002330690
0.004044860
0.006702080
0.006468090
0.005780990
0.006225050
0.004535340
0.005129810
0.005688780
0.006359920
0.006883670
0.006949230
0.006960020
0.006724210
0.007251550
0.006670710
0.000568580
0.003383330
0.006343920
0.005159330
0.007339910
0.006697020
0.005481300
0.002295460
-0.004270260
0.006837460
0.006604290
0.005721960
-0.002113800
0.004623140
0.006178110
0.006443810
0.006608430
0.006324970
0.006642930
0.005602180
0.003496470
0.006296090
0.006669390
0.005620280
0.005383510
0.006310610
0.006851820
0.003004080
0.005898690
0.006165960
0.005004420
0.004914980
0.005263040
0.006439390
0.002812510
0.005408860
0.005711860
0.004668300
0.004522950
0.004878980
0.006026300
0.002204430
0.004323320
0.004828270
0.003926500
0.003552660
0.004390250
0.005403380
-0.000108470
0.000335140
0.001901390
0.001359860
-0.000259300
0.003104240
0.003894350
-0.003962460
-0.003754290
0.000381210
-0.002991630
-0.002825370
-0.002444200
-0.001747110
-0.002104990
-0.002218570
-0.002175030
-0.001688840
-0.001047530
-0.001452990
-0.000831550
-0.000522380
0.000026270
-0.000204890
-0.000095910
0.000787040
-0.001745540
-0.000523520
-0.000582610
-0.000749100
-0.001725120
-0.000330040
-0.000348430
-0.000333000
-0.001704630
-0.000330310
-0.000192120
-0.000060560
-0.001412420
-0.000114170
-0.000423410
-0.000382270
-0.000699320
0.000551710
0.000423640
0.000480900
-0.001149780
0.000151110
0.000457360
0.000864000
-0.000532520
0.000604630
0.000504130
0.000402330
-0.000322440
0.000865210
0.000714320
0.001066760
-0.000315120
0.000088590
-0.000177350
0.000290870
-0.000272550
0.000701110
0.000474930
0.000409040
-0.000726740
0.000852560
0.000733920
0.001172870
-0.001473870
0.000132920
0.000347750
0.000549450
-0.001492660
-0.001037610
-0.000190140
-0.000098960
-0.000049970
-0.000375940
-0.000830270
-0.000007080
0.000069170
0.000084380
0.000063930
0.000041790
0.000000180
-0.000027010
-0.000117430
-0.000093820
-0.000062310
-0.000051590
0.000128840
0.000060350
-0.000365600
-0.000323510
0.000343330
0.000323990
0.000488970
0.000851100
0.000268470
0.000327150
0.000307110
0.000437140
0.000553860
0.000610900
0.000198740
0.000135210
0.000161280
0.000284740
0.000229020
0.000003220
-0.000007090
-0.000001570
-0.000009550
0.000006310
0.000013480
-0.000004200
0.000001420
-0.000000490
0.000001280
0.000060240
-0.000027760
0.000006420
-0.000000110
0.000003400
-0.000065230
0.000009770
-0.000001210
0.000001060
0.000002220
0.001078580
0.000595420
0.000382470
-0.000044870
0.000021960
-0.000839640
0.000098160
0.000183350
0.000266740
0.000348850
0.000017840
-0.000506560
0.000162080
0.000100010
-0.000041050
0.000122290
0.000260180
-0.000435700
-0.000741860
-0.001106770
-0.000722550
-0.000500080
-0.000445950
-0.000596240
-0.000806010
-0.000997370
-0.001164070
0.000067810
-0.000012730
-0.000075970
0.000374190
-0.001587450
0.000191260
-0.000097250
-0.000042660
0.000008530
-0.000007200
0.000013830
0.000009490
0.000006290
-0.000008810
-0.000055560
-0.000000240
0.000000320
-0.000002860
-0.000000380
0.000000130
-0.000000770
0.000001320
-0.000010850
-0.000002680
-0.000006780
-0.000000430
0.000001280
-0.000010510
-0.000006350
-0.000013480
0.000004180
0.000002100
0.000004510
-0.000000490
-0.000003540
0.000627990
0.000417050
0.000489700
-0.000036160
0.000051870
-0.000822910
0.000203140
-0.000063680
-0.000725400
-0.001858820
-0.001907280
-0.002316960
-0.000508260
-0.001053290
-0.001468480
-0.001592690
-0.001813620
-0.000504120
-0.000452030
-0.000339600
-0.000662820
-0.000976410
-0.000013920
0.000359640
0.000727420
0.000404100
0.000210400
-0.000215380
-0.000226630
-0.000210970
0.000422440
0.000047000
-0.000001110
-0.000000630
-0.000000570
0.000002430
-0.000012250
-0.000001230
0.000001370
-0.000002800
-0.000000530
-0.000000210
-0.000034290
0.000118250
-0.000569700
0.000282990
0.000054920
-0.000129920
0.000288040
-0.001760620
0.001475590
-0.001631140
-0.000124930
0.000154570
-0.001378370
-0.001532100
-0.001761190
0.000009740
-0.000026410
0.000141220
0.000288980
-0.000314490
0.000618690
0.000343300
0.000102860
-0.000010070
0.000019660
-0.001594690
-0.000267050
-0.001700500
-0.001324800
-0.000935720
-0.001999300
-0.003183050
-0.000045430
0.000505440
0.000957220
0.000732400
0.000428810
0.000484610
0.000612270
0.000613620
0.000596260
0.000709610
0.001109810
0.001543090
0.002233810
0.001339850
0.000876790
0.000418910
0.000391060
0.000479380
0.001536260
0.001730670
0.000002140
0.000002600
0.000000910
-0.000004350
0.000031300
-0.000024500
0.000217650
-0.000776330
0.000290150
-0.000069170
-0.000233090
0.000189410
0.000261160
-0.000496340
-0.000782580
-0.001208380
-0.000088500
0.000928140
0.000880570
0.000912060
-0.001832120
-0.000969240
-0.000179690
0.000205570
0.000544320
-0.000409960
-0.000667000
-0.001018960
-0.001089950
-0.001112920
0.000360990
-0.000238030
-0.001046170
-0.000951140
-0.000930140
-0.003245360
-0.001872690
-0.000120680
0.000105570
0.000468050
-0.001122240
-0.002790890
0.001428360
0.001410390
0.001450620
0.001368010
0.001380800
0.000644460
0.000648270
0.000694660
0.000801650
0.001028990
0.002002990
0.002160570
0.002247360
0.001118910
0.000683200
0.000150480
0.000143860
-0.000285930
0.000369760
0.001150880
0.000009700
0.000031280
-0.000044150
0.000017400
-0.000015960
0.000037510
0.000377880
0.000853130
0.000646500
0.000703850
0.000281100
0.000254350
0.000263450
0.000481550
0.000784450
0.000806050
0.000466000
0.000072670
-0.000131710
-0.000175660
0.000283370
0.000053220
-0.000290120
-0.000267520
-0.000118810
0.000767690
0.000987720
0.000914690
0.000426360
0.000090500
0.000055520
0.000064730
-0.000190370
0.000100640
0.000502260
-0.002938580
-0.001349590
0.001131670
0.001481470
0.001727850
0.000650090
-0.000826710
0.001474290
0.001295580
0.001067410
0.001189150
0.001475040
0.000570480
0.000502980
0.000508490
0.000548430
0.000674030
0.000369640
-0.000009060
-0.000564950
0.000032900
0.000271010
-0.000452130
0.000799190
-0.004101810
-0.003587980
-0.003584120
0.000038170
0.000005260
0.000218710
0.000451210
0.000854490
0.000598150
0.000040650
-0.001523810
-0.001301010
-0.001209280
-0.000161320
-0.000705930
-0.001945410
-0.001820190
-0.001730360
-0.000081940
-0.000587280
-0.001480260
-0.001696670
-0.001930540
-0.000950960
-0.000926370
-0.001218080
-0.001223570
-0.001332430
0.000590680
0.000173570
-0.000471960
-0.000770080
-0.000983190
-0.000458640
-0.000584450
-0.000792360
-0.000552690
-0.000419750
-0.003995560
-0.002166890
0.001399320
0.001279910
0.001262600
0.000910480
0.000193050
0.000589930
0.000400750
0.000232830
0.000570090
0.000893720
0.000478450
0.000309510
0.000140290
0.000049640
0.000012050
0.000166790
0.000171930
0.000079560
0.000096200
0.000120530
-0.002944910
-0.001728640
-0.000826150
-0.000698990
-0.000409240
-0.001896610
-0.001289480
-0.000729040
-0.001209380
-0.001490200
-0.001257490
-0.000499570
-0.000043460
-0.000327070
-0.000408680
-0.001110690
-0.000524940
-0.000176940
-0.000213600
-0.000098630
-0.000885100
-0.000554750
-0.000391090
-0.000381790
-0.000338760
-0.000458700
-0.000276450
-0.000338730
-0.000444660
-0.000512510
-0.000342410
-0.000316520
-0.000399130
-0.000408270
-0.000424420
-0.000883580
-0.000922510
-0.001009720
-0.000759310
-0.000602620
-0.004371120
-0.002472710
0.000579930
0.000363130
0.000410830
0.000007500
-0.000741160
-0.000016570
-0.000124840
-0.000136720
0.000190830
0.000434400
0.000384990
0.000553960
0.000909320
0.000564570
0.000247200
0.000850550
0.001363920
0.002125620
0.001755650
0.001496340
0.000530890
0.001300000
0.002366690
0.002312770
0.002265270
0.000675990
0.001309530
0.001976090
0.001881240
0.001839850
0.000660710
0.000963500
0.001275300
0.001196280
0.001331350
0.000152780
0.000341490
0.000597040
0.000682700
0.000790390
-0.000037890
0.000222710
0.000493470
0.000455010
0.000414440
-0.000049650
0.000177830
0.000447570
0.000468710
0.000454530
-0.000100340
0.000070460
0.000287370
0.000314280
0.000310810
-0.000993590
-0.000894500
-0.000720380
-0.000315010
-0.000042080
-0.004393000
-0.002527480
-0.000694480
0.000527820
0.000843350
0.001476950
0.000944090
0.000156230
0.000461730
0.001130280
0.002133140
0.001896680
0.001839030
0.002413370
0.003463650
0.004873760
0.004077640
0.003450880
0.004089000
0.005318630
0.006891080
0.006254520
0.005929070
0.005211590
0.006473360
0.008113400
0.007491460
0.007435960
0.004474910
0.005776960
0.007515000
0.007110410
0.007838530
0.003406590
0.004880710
0.006906000
0.006741340
0.006774210
0.002353470
0.003700280
0.005432320
0.005589300
0.006004210
0.001942130
0.003054480
0.004495590
0.004509960
0.004728800
0.001789850
0.002869030
0.004219970
0.004167490
0.004264440
0.001408020
0.002412780
0.003660180
0.003753890
0.003946420
-0.000018370
0.000775860
0.001916070
0.002493920
0.003022860
-0.002715140
-0.000499640
-0.000711600
-0.001826780
-0.000559910
-0.000404410
-0.000337420
-0.000166150
-0.000469770
-0.000138210
0.000158160
-0.000145130
0.000628770
0.000514640
0.000087580
0.000394570
0.000673760
0.000431470
0.000275900
-0.000278930
0.000130180
0.000003530
0.001122610
-0.000028500
0.000710620
0.000310270
-0.000358710
0.000924770
-0.001962110
0.000050360
0.000047000
0.000024780
0.000125520
-0.000216190
-0.000273750
0.000401420
-0.000289330
0.000555660
-0.000008490
0.000339050
0.000523300
-0.000017500
-0.000071930
0.000001750
0.000000410
0.000000310
-0.000000110
0.000001400
-0.000001040
-0.000007430
0.000002540
0.000617460
0.000458700
-0.001767420
0.000357540
0.000229250
-0.000256170
-0.000246870
-0.001222360
-0.000912880
-0.000513830
-0.000427650
0.000014520
0.000039590
0.000190400
0.000014850
-0.000000630
-0.000004310
-0.000001630
0.000004650
-0.000006080
0.000017540
-0.000003310
0.000016150
-0.000005780
0.000000270
0.000553310
0.000533250
-0.003305170
-0.001801060
-0.002262260
-0.001172540
-0.000935820
0.000005270
0.000080570
0.000784750
0.000931610
0.000038720
-0.000109510
0.000000480
0.000000120
-0.000025000
-0.000006770
0.000967950
-0.000974700
-0.001011800
-0.002324970
-0.000661560
-0.002290630
0.000091770
-0.000445430
-0.000055000
0.000127670
-0.004773110
-0.000132350
-0.000577570
0.000914340
0.001253210
0.000720150
0.000631740
0.002402600
0.002231000
-0.000086250
-0.000433850
0.000013910
-0.000001500
-0.000629600
-0.000656880
0.000790930
0.000247030
0.000647990
0.001203160
-0.000749860
0.000356320
-0.000882980
-0.000188660
-0.001115570
-0.000667090
-0.004767520
0.001291690
0.000729020
0.001340910
0.001514660
0.000646500
0.000675110
0.002591000
0.001282820
0.000056760
0.000037090
0.000524530
0.000045160
0.000730770
0.000918560
-0.000021240
0.000082330
0.000134470
-0.000097630
-0.000154920
-0.000739850
0.000867670
0.000617530
-0.000649330
-0.000448960
-0.002941260
0.001888520
0.001614640
0.000887810
0.000817600
0.000417440
0.000502940
-0.001696450
-0.000271970
0.001505040
-0.004234120
0.000217120
-0.001535720
-0.001337700
-0.001971940
-0.001732000
-0.001916380
-0.001179180
-0.001480960
-0.001096810
-0.000934210
-0.000281070
-0.000570470
-0.001332360
-0.000921860
-0.001545340
0.001119370
0.000915280
0.000064520
0.000139640
0.000201540
0.000154730
-0.000048940
0.000287710
-0.001209400
-0.000163450
-0.000480220
-0.000024160
-0.000002580
0.000289660
-0.000245680
0.000004980
-0.000458430
-0.000221880
-0.000305200
-0.000282440
-0.000463460
-0.000298910
-0.001567890
-0.001095070
-0.002455210
0.000502520
0.000467360
-0.000062310
0.000134330
0.001262680
0.001586720
0.002326940
0.003111040
0.002250000
0.003882130
0.001705420
0.003225580
0.001189810
0.002217370
0.000561420
0.001375740
0.000537090
0.001142480
0.000408120
0.001062150
0.000182720
0.000768710
-0.001450840
-0.000463500
-0.001683590
0.001621000
0.000899810
0.001121260
0.002640880
0.002706650
0.002351510
0.005408900
0.005795310
0.005226550
0.007153960
0.007083670
0.006977360
0.007977690
0.005558200
0.007177610
0.007109440
-0.003556920
0.004860830
0.006409970
0.006410020
0.006888330
0.004995710
0.006743760
0.006032020
0.004332850
0.006177090
0.005166140
0.004066210
0.005785780
0.004826420
0.003347060
0.005070920
0.004216000
0.000846460
0.003023950
0.002376760
)
